line0:585 33 587 198
line1:356 207 356 65
line2:12 199 12 10
line3:96 197 107 1
line4:259 109 260 206
line5:519 32 591 35
line6:105 86 111 0
line7:259 202 358 200
line8:94 9 97 197
line9:512 33 590 37
line10:256 8 302 8
line11:8 197 110 197
line12:261 203 311 207
line13:13 198 16 8
line14:8 193 111 193
line15:275 159 275 91
line16:252 192 294 193
line17:515 32 518 198
line18:265 4 299 3
line19:3 39 111 28
line20:0 35 51 32
line21:10 10 47 10
line22:260 11 359 13
line23:322 197 358 196
line24:504 194 590 194
line25:31 203 34 101
line26:47 8 109 10
line27:21 8 23 131
line28:257 9 273 157
line29:14 39 111 38
line30:320 195 358 195
line31:256 17 261 95
line32:589 198 589 34
line33:355 94 355 8
line34:74 10 110 12
line35:0 186 109 190
line36:106 198 110 3
line37:586 199 588 56
line38:260 9 302 10
line39:8 196 111 196
line40:561 195 582 195
line41:8 198 110 198
line42:514 35 591 38
line43:568 191 590 191
line44:11 195 11 9
line45:507 199 527 199
line46:248 195 358 205
line47:248 20 270 21
line48:9 49 111 36
line49:100 64 105 195
line50:259 13 359 9
line51:92 14 94 155
line52:560 193 588 193
line53:504 195 585 198
line54:3 181 110 188
line55:256 201 359 207
line56:20 134 20 12
line57:19 134 19 8
line58:261 59 271 158
line59:583 88 585 196
line60:108 135 111 195
line61:36 100 39 136
line62:0 33 108 35
line63:560 199 582 199
line64:88 14 91 158
line65:23 9 24 42
line66:568 42 590 44
line67:9 11 47 13
line68:73 14 108 14
line69:259 99 266 205
line70:591 141 591 36
line71:252 17 259 98
line72:266 80 274 159
line73:26 134 26 99
line74:251 194 295 192
line75:585 130 586 32
line76:103 104 108 1
line77:100 145 101 194
line78:258 55 259 77
line79:251 195 295 194
line80:31 103 39 195
line81:504 193 527 193
line82:33 195 37 96
line83:8 194 8 9
line84:15 194 18 9
line85:257 19 269 157
line86:9 199 9 9
line87:14 195 17 13
line88:10 195 10 9
line89:21 135 21 80
line90:13 8 45 9
line91:98 64 103 194
line92:257 61 260 95
line93:321 194 358 193
line94:261 206 262 121
line95:95 37 100 194
line96:90 78 91 24
line97:24 188 110 191
line98:264 201 295 200
line99:18 43 108 41
line100:590 199 590 34
line101:359 95 359 64
line102:353 39 353 10
line103:321 193 352 192
line104:354 95 354 67
line105:22 40 108 40
line106:352 8 352 35
line107:16 199 110 199
line108:35 182 111 186
line109:577 196 577 168
line110:30 143 31 97
line111:528 30 588 34
line112:320 200 358 202
line113:22 12 24 140
line114:336 7 358 11
line115:259 206 355 207
line116:248 19 271 20
line117:257 14 294 15
line118:95 150 97 65
line119:13 30 111 52
line120:16 192 110 192
line121:13 47 83 47
line122:58 194 110 195
line123:569 186 591 185
line124:28 142 30 99
line125:88 158 88 31
line126:579 24 579 46
line127:56 203 92 202
line128:264 159 264 81
line129:285 202 359 201
line130:517 177 517 197
line131:91 89 93 27
line132:251 198 295 196
line133:271 0 358 18
line134:96 36 97 11
line135:515 141 516 121
line136:49 187 96 188
line137:526 37 587 41
line138:35 178 108 181
line139:582 197 583 168
line140:258 205 320 205
line141:21 75 25 12
line142:513 52 532 25
line143:265 13 303 13
line144:260 16 262 39
line145:13 143 13 14
line146:266 156 274 91
line147:85 182 111 183
line148:59 202 90 200
line149:14 45 93 45
line150:332 11 357 14
line151:251 197 294 195
line152:111 86 111 26
line153:256 193 271 85
line154:257 120 258 165
line155:42 44 43 8
line156:27 142 28 96
line157:32 143 34 96
line158:97 173 101 65
line159:583 169 583 197
line160:322 204 359 204
line161:35 194 39 114
line162:516 58 535 24
line163:249 16 271 18
line164:14 15 44 14
line165:84 206 86 178
line166:568 188 591 187
line167:59 205 95 203
line168:110 86 110 32
line169:92 159 95 65
line170:262 162 274 89
line171:322 198 359 197
line172:38 195 108 174
line173:357 38 357 8
line174:105 155 106 187
line175:352 95 353 64
line176:248 196 269 184
line177:356 17 356 37
line178:351 95 352 65
line179:336 8 356 11
line180:76 10 109 11
line181:103 10 104 36
line182:249 199 295 198
line183:583 94 584 32
line184:279 110 279 89
line185:358 94 358 65
line186:7 79 7 58
