line0:864 362 911 363
line1:120 124 636 157
line2:272 370 374 363
line3:1128 668 1223 667
line4:1296 113 1399 129
line5:448 107 495 108
line6:560 667 655 668
line7:809 803 1455 795
line8:721 596 775 596
line9:1336 759 1407 759
line10:552 438 655 443
line11:984 363 1063 364
line12:280 763 367 763
line13:1128 764 1222 763
line14:767 360 767 438
line15:904 760 943 761
line16:553 369 655 380
line17:696 363 775 363
line18:936 665 936 766
line19:440 506 487 506
line20:864 104 864 159
line21:912 504 912 606
line22:296 299 367 300
line23:273 668 375 665
line24:720 148 775 151
line25:913 368 913 447
line26:424 667 519 667
line27:280 108 359 111
line28:584 505 584 607
line29:167 488 167 591
line30:912 667 943 667
line31:1128 129 1223 124
line32:581 235 631 236
line33:720 235 775 235
line34:560 759 655 763
line35:72 353 215 361
line36:176 188 631 192
line37:80 422 215 423
line38:840 664 840 767
line39:864 504 864 599
line40:296 234 367 235
line41:912 665 912 767
line42:680 475 814 474
line43:1144 296 1199 300
line44:584 299 631 298
line45:416 762 511 759
line46:1328 398 1391 394
line47:80 506 215 498
line48:272 441 375 443
line49:1328 723 1407 716
line50:1304 315 1471 317
line51:720 107 775 107
line52:440 595 487 595
line53:408 432 526 435
line54:1024 435 1103 435
line55:968 475 1103 475
line56:0 608 0 759
line57:984 291 1061 284
line58:402 474 527 474
line59:1144 443 1223 443
line60:864 507 919 507
line61:124 656 124 759
line62:589 501 631 513
line63:1330 350 1391 346
line64:1369 648 1369 766
line65:167 336 167 431
line66:809 800 809 839
line67:1016 125 1071 128
line68:1144 362 1223 363
line69:96 952 96 1002
line70:1145 232 1145 295
line71:80 488 80 591
line72:417 364 518 364
line73:911 96 911 151
line74:119 656 119 758
line75:720 292 775 290
line76:1145 504 1145 607
line77:944 832 944 1002
line78:1428 760 1428 1002
line79:1440 232 1440 287
line80:1008 673 1055 677
line81:721 912 721 1002
line82:849 667 871 667
line83:647 664 647 767
line84:816 831 951 832
line85:576 102 631 103
line86:1328 352 1328 431
line87:1383 344 1383 431
line88:0 784 0 1002
line89:808 888 808 1002
line90:841 687 871 688
line91:872 100 919 100
line92:1312 284 1447 283
line93:720 507 775 506
line94:1448 373 1495 366
line95:80 574 215 586
line96:864 361 864 447
line97:984 235 1063 240
line98:331 88 331 159
line99:1153 236 1199 235
line100:1448 770 1499 772
line101:623 232 623 303
line102:768 505 768 598
line103:1288 504 1327 502
line104:512 664 512 751
line105:1432 979 1499 997
line106:1215 664 1215 766
line107:584 232 584 303
line108:1376 944 1376 1002
line109:561 721 588 724
line110:968 360 968 479
line111:192 590 214 567
line112:681 360 681 478
line113:298 504 298 599
line114:304 603 343 604
line115:864 235 919 234
line116:440 235 487 236
line117:864 303 919 301
line118:511 368 511 479
line119:624 504 624 599
line120:696 666 799 668
line121:864 151 919 148
line122:1351 112 1351 150
line123:447 104 447 159
line124:436 232 436 327
line125:1328 656 1328 761
line126:806 432 806 479
line127:296 509 351 506
line128:704 761 791 761
line129:583 664 583 767
line130:648 360 648 447
line131:474 232 474 327
line132:764 96 764 151
line133:1144 603 1207 602
line134:1329 661 1415 667
line135:78 336 78 431
line136:88 183 143 185
line137:615 97 615 190
line138:295 360 295 446
line139:432 291 494 291
line140:560 664 560 767
line141:368 664 368 759
line142:1288 488 1288 591
line143:584 602 623 603
line144:359 232 359 303
line145:864 232 864 311
line146:482 104 482 154
line147:1296 96 1296 150
line148:1336 427 1390 428
line149:696 665 696 766
line150:1056 419 1103 461
line151:1088 192 1151 190
line152:1467 848 1467 871
line153:169 96 169 183
line154:723 96 723 151
line155:416 664 416 767
line156:1211 96 1211 157
line157:56 946 56 1002
line158:1192 233 1192 302
line159:787 665 787 767
line160:553 369 553 438
line161:272 664 272 759
line162:367 360 367 446
line163:440 505 440 599
line164:762 232 762 295
line165:120 96 120 151
line166:722 137 747 157
line167:720 504 720 599
line168:864 598 919 604
line169:770 433 812 437
line170:296 235 296 302
line171:400 360 400 479
line172:1129 134 1136 154
line173:206 488 206 589
line174:1148 507 1199 505
line175:1480 847 1499 872
line176:1449 819 1499 818
line177:344 504 344 599
line178:984 232 984 292
line179:283 104 283 151
line180:720 232 720 295
line181:1145 281 1157 301
line182:272 360 272 446
line183:1447 312 1447 383
line184:1180 504 1180 607
line185:1213 360 1213 447
line186:1440 243 1498 197
line187:1044 241 1044 292
line188:1376 945 1447 943
line189:1144 361 1144 447
line190:167 99 201 151
line191:584 360 584 446
line192:1128 664 1128 766
line193:1060 108 1060 159
line194:577 515 617 504
line195:751 157 773 129
line196:480 505 480 598
line197:885 232 918 265
line198:908 234 908 303
line199:0 623 39 627
line200:894 606 919 590
line201:1056 360 1056 439
line202:586 97 630 128
line203:1472 961 1472 999
line204:1443 863 1499 861
line205:625 360 625 445
line206:1016 154 1032 100
line207:903 96 919 117
line208:1305 282 1305 319
line209:866 443 918 442
line210:1177 98 1196 149
line211:120 753 175 756
line212:576 97 576 159
line213:864 289 895 311
line214:440 323 487 323
line215:904 800 904 832
line216:849 754 869 754
line217:608 159 630 132
line218:1094 432 1094 479
line219:1025 234 1025 292
line220:1288 587 1319 582
line221:1049 132 1063 157
line222:572 442 591 411
line223:1344 188 1367 187
line224:433 297 452 326
line225:1016 685 1023 665
line226:865 586 892 602
line227:1391 99 1397 150
line228:1019 687 1055 665
line229:113 684 144 656
line230:57 967 102 953
line231:1024 266 1048 294
line232:358 765 375 744
line233:1174 156 1210 99
line234:1459 382 1495 354
line235:72 338 103 367
line236:64 949 96 954
line237:112 732 132 758
