line0:368 713 1495 713
line1:1192 11 1499 11
line2:0 9 1499 9
line3:1240 715 1494 715
line4:497 707 1499 707
line5:0 15 790 15
line6:496 705 1499 705
line7:924 710 1175 710
line8:528 631 782 631
line9:498 714 803 714
line10:32 686 767 686
line11:944 627 1279 627
line12:1490 967 1490 352
line13:299 625 783 625
line14:1360 14 1499 14
line15:376 629 495 629
line16:528 624 589 624
line17:992 8 1079 8
line18:33 13 294 13
line19:56 628 215 628
line20:292 10 407 10
line21:944 626 1215 626
line22:442 719 990 719
line23:712 706 927 706
line24:713 711 926 711
line25:1492 966 1492 353
line26:936 246 1007 246
line27:954 1026 1325 1026
line28:368 770 388 770
line29:32 680 407 680
line30:936 478 1006 478
line31:1488 966 1488 513
line32:938 202 1007 202
line33:1080 197 1151 197
line34:296 630 591 630
line35:73 199 191 199
line36:0 214 31 214
line37:816 473 855 473
line38:641 245 702 243
line39:440 685 510 685
line40:369 718 590 718
line41:583 835 646 833
line42:1494 855 1494 66
line43:704 836 791 836
line44:273 843 335 842
line45:408 839 502 839
line46:880 837 951 837
line47:274 681 558 681
line48:1080 974 1469 974
line49:72 192 190 192
line50:952 1031 1327 1031
line51:1081 194 1150 194
line52:1491 966 1491 565
line53:489 200 559 200
line54:9 458 13 679
line55:1088 241 1151 241
line56:1432 964 1494 963
line57:784 204 855 203
line58:7 503 7 393
line59:1381 776 1384 927
line60:32 684 406 684
line61:1169 970 1407 970
line62:649 349 711 349
line63:1 503 1 209
line64:77 630 77 472
line65:488 344 559 344
line66:344 196 405 196
line67:408 919 519 919
line68:272 687 406 687
line69:1193 8 1215 8
line70:1489 854 1489 418
line71:274 683 559 683
line72:368 975 420 975
line73:936 346 1005 346
line74:704 832 791 832
line75:65 982 68 818
line76:32 682 239 682
line77:6 502 6 208
line78:1495 852 1495 416
line79:481 914 519 914
line80:784 240 822 240
line81:1080 969 1435 969
line82:1307 629 1307 473
line83:336 244 406 247
line84:937 205 1007 205
line85:1168 968 1407 968
line86:440 912 519 912
line87:851 919 851 785
line88:952 1029 1367 1029
line89:1102 624 1215 625
line90:1420 343 1420 184
line91:853 919 853 784
line92:1379 341 1379 320
line93:646 628 646 472
line94:497 474 559 474
line95:33 8 295 8
line96:1151 919 1151 768
line97:984 973 1047 973
line98:65 1033 214 1033
line99:1418 919 1418 784
line100:647 629 647 473
line101:74 342 150 342
line102:65 1036 214 1036
line103:345 338 405 338
line104:936 768 1148 768
line105:855 918 855 785
line106:1080 971 1470 971
line107:936 194 999 193
line108:337 242 406 242
line109:946 916 1078 916
line110:337 246 407 245
line111:785 206 852 206
line112:496 479 559 479
line113:1312 625 1463 628
line114:489 204 559 202
line115:1376 630 1376 473
line116:1425 1035 1499 1035
line117:186 193 191 342
line118:816 472 854 472
line119:350 343 350 193
line120:14 815 14 786
line121:1226 624 1493 633
line122:1416 343 1416 185
line123:4 639 4 609
line124:73 629 74 561
line125:148 475 190 475
line126:1168 972 1407 972
line127:344 476 407 476
line128:496 477 559 477
line129:75 343 75 193
line130:107 773 183 773
line131:976 479 1006 479
line132:1347 631 1347 536
line133:25 293 28 208
line134:3 399 3 208
line135:644 630 644 474
line136:1154 708 1175 708
line137:1488 354 1491 160
line138:793 247 793 192
line139:117 710 117 681
line140:1377 339 1439 339
line141:1149 351 1149 314
line142:1309 629 1309 472
line143:1348 306 1348 193
line144:848 832 949 836
line145:1155 319 1156 252
line146:944 917 1135 920
line147:4 849 7 761
line148:1104 1030 1214 1030
line149:641 918 711 919
line150:1104 12 1214 12
line151:148 472 151 631
line152:345 201 406 203
line153:8 678 8 456
line154:936 770 1149 770
line155:407 982 407 928
line156:67 1037 87 1037
line157:1426 1039 1499 1039
line158:1488 279 1490 108
line159:1351 935 1351 786
line160:790 615 797 480
line161:1184 716 1358 716
line162:119 341 119 193
line163:152 1034 213 1034
line164:1378 631 1378 577
line165:1305 629 1305 474
line166:85 707 310 704
line167:496 484 557 483
line168:938 198 998 199
line169:23 415 30 212
line170:1377 927 1380 777
line171:642 629 642 472
line172:852 878 852 785
line173:710 927 710 794
line174:0 398 0 208
line175:1272 1025 1326 1025
line176:849 572 850 475
line177:1158 319 1158 291
line178:1307 257 1308 342
line179:947 833 949 915
line180:407 569 408 638
line181:146 707 270 705
line182:120 683 120 710
line183:642 204 702 205
line184:489 207 559 207
line185:769 774 838 774
line186:938 911 938 769
line187:443 712 590 712
line188:537 247 558 247
line189:792 913 854 913
line190:441 717 591 717
line191:1296 1037 1327 1036
line192:147 343 147 184
line193:945 918 1017 919
line194:64 1038 215 1038
line195:1145 255 1145 192
line196:26 414 31 246
line197:112 637 135 637
line198:1306 343 1306 185
line199:1422 628 1422 594
line200:1336 923 1373 927
line201:768 771 839 771
line202:144 311 152 232
line203:76 193 191 193
line204:74 599 76 475
line205:936 473 1006 473
line206:1419 342 1419 188
line207:937 769 967 769
line208:939 349 939 195
line209:406 472 407 535
line210:1169 1032 1190 1032
line211:489 349 489 201
line212:850 626 1149 631
line213:491 521 493 627
line214:643 919 643 784
line215:558 838 558 785
line216:704 838 791 838
line217:495 350 495 201
line218:1104 1027 1214 1027
line219:0 707 183 704
line220:5 395 5 208
line221:1004 351 1004 201
line222:528 197 559 197
line223:656 775 687 775
line224:1357 913 1358 975
line225:1002 575 1002 472
line226:408 915 519 915
line227:552 680 606 680
line228:768 780 846 780
line229:1345 935 1345 888
line230:344 838 344 816
line231:1336 192 1337 231
line232:257 810 332 808
line233:1344 511 1344 473
line234:117 341 117 194
line235:1304 629 1304 472
line236:128 767 182 769
line237:272 840 335 840
line238:1041 772 1149 774
line239:645 878 645 786
line240:215 1044 215 840
line241:954 974 1047 975
line242:940 910 940 773
line243:556 520 558 629
line244:641 630 641 532
line245:648 346 709 345
line246:943 771 944 807
line247:784 200 855 201
line248:347 838 347 818
line249:936 475 1007 477
line250:1348 474 1348 509
line251:937 195 999 195
line252:632 685 766 685
line253:1421 628 1421 472
line254:640 919 640 784
line255:6 885 8 784
line256:792 485 823 485
line257:112 194 114 343
line258:1150 919 1150 892
line259:1432 966 1495 966
line260:1376 820 1376 781
line261:1493 853 1493 512
line262:64 983 64 816
line263:79 340 79 195
line264:404 631 404 569
line265:14 678 14 458
line266:1346 311 1346 192
line267:700 319 700 192
line268:1382 529 1383 630
line269:494 351 494 201
line270:798 613 798 480
line271:195 521 195 541
line272:404 342 407 192
line273:1374 242 1375 326
line274:937 262 937 197
line275:1410 185 1411 237
line276:1349 935 1349 785
line277:1001 203 1003 319
line278:785 318 785 194
line279:1147 919 1147 771
line280:854 631 854 475
line281:1006 534 1006 474
line282:414 637 414 529
line283:345 343 345 232
line284:496 810 499 917
line285:1106 1024 1214 1024
line286:9 982 9 880
line287:552 837 552 784
line288:848 565 849 474
line289:1310 629 1310 474
line290:223 752 231 805
line291:13 982 15 880
line292:145 473 148 631
line293:708 630 708 488
line294:504 776 543 776
line295:769 782 847 783
line296:189 263 189 194
line297:705 350 705 314
line298:1000 575 1000 472
line299:1146 473 1155 630
line300:409 792 411 918
line301:1350 341 1350 192
line302:703 318 703 194
line303:941 630 941 600
line304:706 629 706 489
line305:937 772 1055 774
line306:1088 192 1091 351
line307:401 342 401 192
line308:941 790 943 910
line309:184 341 184 237
line310:344 544 348 631
line311:76 195 77 305
line312:115 638 115 584
line313:643 342 646 200
line314:72 238 72 194
line315:939 472 947 629
line316:197 566 199 631
line317:208 639 303 639
line318:25 415 30 266
line319:185 232 187 343
line320:1392 1028 1430 1028
line321:401 475 402 535
line322:554 349 554 241
line323:1298 1038 1327 1038
line324:788 317 788 192
line325:850 192 855 348
line326:1150 195 1152 319
line327:559 629 559 520
line328:1433 962 1493 961
line329:1177 846 1230 840
line330:113 195 116 343
line331:1000 201 1003 348
line332:369 943 406 939
line333:29 415 31 275
line334:495 916 497 784
line335:118 270 118 197
line336:403 343 403 193
line337:1432 960 1495 960
line338:1422 342 1422 185
line339:109 630 122 512
line340:1423 343 1423 185
line341:1380 927 1380 779
line342:1360 1037 1399 1037
line343:984 970 1085 965
line344:622 682 702 683
line345:1456 637 1487 637
line346:1464 813 1499 814
line347:184 472 195 600
line348:328 832 349 832
line349:1419 540 1420 629
line350:1349 631 1351 473
line351:66 1039 70 920
line352:705 792 706 863
line353:56 629 301 633
line354:401 631 402 569
line355:212 1039 212 840
line356:1369 240 1370 287
line357:491 351 491 243
line358:942 771 945 915
line359:10 983 12 880
line360:341 481 351 629
line361:350 472 351 527
line362:656 772 687 772
line363:1377 887 1377 776
line364:505 778 541 778
line365:183 472 197 630
line366:1081 195 1148 196
line367:1 634 63 634
line368:940 472 948 631
line369:848 625 853 474
line370:553 246 553 192
line371:256 829 276 847
line372:212 709 311 707
line373:641 298 642 200
line374:704 526 704 488
line375:552 629 554 522
line376:702 319 702 193
line377:711 628 711 592
line378:784 615 785 586
line379:944 919 990 921
line380:648 778 703 781
line381:555 838 555 786
line382:952 915 1079 913
line383:1305 203 1418 205
line384:0 10 51 10
line385:707 793 709 925
line386:768 769 837 768
line387:707 837 707 863
line388:1003 597 1005 475
line389:1088 344 1116 344
line390:938 474 941 558
line391:936 559 936 472
line392:210 636 302 637
line393:82 630 85 568
line394:344 341 407 341
line395:1346 785 1348 912
line396:344 479 407 478
line397:0 638 55 638
line398:78 631 78 473
line399:1344 342 1344 193
line400:642 680 702 681
line401:69 869 69 816
line402:369 970 423 969
line403:1456 635 1487 635
line404:1104 1025 1215 1025
line405:411 633 413 530
line406:1377 496 1377 550
line407:12 981 12 957
line408:1311 838 1311 784
line409:497 472 559 472
line410:144 292 155 184
line411:8 976 70 978
line412:1345 784 1346 821
line413:640 206 701 207
line414:537 789 559 788
line415:1149 918 1149 769
line416:849 624 1099 624
line417:1417 341 1417 184
line418:1088 533 1088 473
line419:1417 473 1420 547
line420:847 192 849 270
line421:1301 1035 1327 1035
line422:971 972 1087 966
line423:854 193 855 303
line424:1340 574 1341 552
line425:0 977 71 979
line426:1424 1034 1499 1033
line427:496 475 557 476
line428:498 682 499 715
line429:1308 475 1350 475
line430:368 774 406 779
line431:1377 472 1379 537
line432:981 628 1208 631
line433:848 806 848 785
line434:440 917 519 917
line435:208 843 211 1044
line436:946 915 951 865
line437:342 485 351 578
line438:400 628 400 568
line439:2 637 2 610
line440:67 994 69 922
line441:1089 472 1118 472
line442:936 775 964 775
line443:0 11 863 11
line444:936 200 1005 201
line445:72 337 190 339
line446:1464 812 1499 808
line447:936 197 998 197
line448:1376 343 1437 343
line449:704 793 706 927
line450:106 774 183 775
line451:1385 775 1407 775
line452:1146 476 1148 528
line453:498 784 505 911
line454:1007 319 1007 200
line455:1313 631 1459 628
line456:643 489 702 477
line457:278 921 303 956
line458:799 615 799 480
line459:104 770 182 772
line460:1296 1034 1325 1034
line461:640 480 703 475
line462:947 915 951 875
line463:77 197 185 194
line464:1090 348 1150 350
line465:763 680 769 715
line466:655 780 702 782
line467:147 503 147 559
line468:112 634 124 514
line469:688 923 711 922
line470:945 529 950 629
line471:850 627 972 631
line472:788 905 850 919
line473:790 800 794 919
line474:1149 510 1150 472
line475:433 838 502 833
line476:1311 336 1340 336
line477:1090 193 1092 351
line478:368 715 1190 715
line479:128 765 151 765
line480:640 246 701 245
line481:948 349 1007 348
line482:1233 844 1262 845
line483:656 768 686 768
line484:953 1028 1021 1028
line485:640 478 703 473
line486:407 339 407 291
line487:271 808 332 810
line488:553 836 623 837
line489:409 636 454 637
line490:1115 913 1148 917
line491:488 907 518 908
line492:369 774 407 776
line493:368 940 412 983
line494:1112 922 1135 922
line495:408 834 447 835
line496:1081 973 1143 973
line497:498 815 557 815
line498:1305 342 1349 341
line499:603 626 783 629
line500:1337 923 1423 919
line501:1419 918 1423 784
line502:490 350 490 241
line503:1491 265 1493 112
line504:848 192 853 351
line505:80 631 80 569
line506:488 351 488 283
line507:1329 624 1487 626
line508:794 350 795 280
line509:649 777 703 777
line510:554 525 556 629
line511:1088 346 1146 347
line512:77 198 188 198
line513:144 341 144 184
line514:1192 10 1383 10
line515:1070 912 1144 919
line516:1112 914 1146 918
line517:1148 839 1183 839
line518:492 206 557 203
line519:1384 718 1429 717
line520:15 679 15 576
line521:440 687 511 687
line522:796 919 796 852
line523:1299 1033 1327 1033
line524:1433 967 1470 968
line525:789 319 791 193
line526:502 811 557 809
line527:1 621 33 647
line528:56 631 135 632
line529:344 205 406 202
line530:792 480 823 480
line531:1375 628 1379 564
line532:1308 481 1349 481
line533:415 639 415 528
line534:832 243 853 243
line535:301 808 351 828
line536:1145 351 1145 314
line537:11 981 69 981
line538:1304 190 1347 193
line539:688 14 995 14
line540:8 952 8 980
line541:29 976 70 976
line542:24 294 26 209
line543:1304 839 1314 776
line544:1383 779 1414 779
line545:272 925 303 925
line546:1119 246 1144 242
line547:1351 1024 1398 1035
line548:152 708 271 706
line549:191 513 192 543
line550:607 680 703 682
line551:768 775 842 776
line552:1361 1039 1399 1039
line553:816 475 855 474
line554:695 192 698 317
line555:155 705 239 704
line556:408 902 415 873
line557:848 839 950 838
line558:1305 202 1421 204
line559:506 782 542 783
line560:408 829 494 838
line561:1352 631 1402 631
line562:144 602 154 631
line563:1093 349 1096 199
line564:81 624 81 568
line565:297 967 303 927
line566:853 524 853 485
line567:1178 843 1205 842
line568:646 278 648 351
line569:145 252 151 301
line570:699 319 699 288
line571:343 263 344 192
line572:174 711 211 710
line573:84 630 86 570
line574:1169 1035 1191 1035
line575:185 757 220 759
line576:937 910 937 777
line577:768 781 810 778
line578:788 614 788 585
line579:577 837 647 838
line580:1393 1026 1415 1027
line581:1 617 37 646
line582:74 486 118 486
line583:501 784 503 837
line584:33 709 61 709
line585:1375 201 1418 190
line586:408 877 409 844
line587:645 910 694 926
line588:73 478 117 474
line589:658 774 684 773
line590:408 897 418 840
line591:1403 631 1499 628
line592:1144 510 1144 472
line593:328 835 349 837
line594:848 630 896 628
line595:213 1044 213 954
line596:1315 779 1343 779
line597:558 232 559 335
line598:1304 341 1348 339
line599:555 195 557 350
line600:71 869 71 816
line601:187 240 188 343
line602:75 681 75 711
line603:938 527 1003 534
line604:1373 627 1373 576
line605:209 711 310 708
line606:779 761 798 914
line607:0 614 38 645
line608:1401 239 1405 185
line609:31 415 31 389
line610:413 918 413 841
line611:641 240 701 240
line612:372 759 414 800
line613:208 634 302 636
line614:1489 165 1490 67
line615:402 343 402 275
line616:346 194 348 342
line617:1351 975 1353 913
line618:4 359 4 304
line619:977 631 988 529
line620:1296 1032 1326 1032
line621:993 12 1078 12
line622:108 474 127 529
line623:1403 185 1405 236
line624:504 783 559 784
line625:489 918 489 883
line626:106 474 127 539
line627:1320 772 1343 772
line628:1372 628 1372 576
line629:347 201 405 199
line630:345 198 406 197
line631:1389 205 1421 198
line632:256 813 286 811
line633:936 201 965 201
line634:1384 774 1407 773
line635:1144 832 1181 835
line636:506 483 559 480
line637:936 1007 939 977
line638:1112 574 1116 531
line639:9 679 38 679
line640:1144 835 1246 844
line641:1149 583 1151 508
line642:57 627 215 624
line643:209 845 231 855
line644:544 626 783 630
line645:642 907 698 926
line646:705 536 705 488
line647:965 244 1006 244
line648:1409 185 1410 239
line649:488 245 559 245
line650:342 480 350 546
line651:1416 838 1417 787
line652:228 852 230 771
line653:1028 919 1084 917
line654:368 760 389 714
line655:640 473 678 473
line656:1381 578 1381 615
line657:69 1034 71 1004
line658:488 566 495 524
line659:1381 472 1420 472
line660:1336 925 1415 922
line661:795 781 846 781
line662:817 246 853 246
line663:1304 186 1327 186
line664:1371 285 1371 240
line665:937 479 938 559
line666:129 762 150 762
line667:1360 1034 1429 1030
line668:1488 384 1489 328
line669:711 927 711 888
line670:1206 845 1310 835
line671:272 957 302 957
line672:1040 965 1072 965
line673:768 772 839 773
line674:792 918 792 880
line675:945 883 945 832
line676:1345 511 1346 474
line677:641 343 643 200
line678:404 535 404 472
line679:1337 931 1359 931
line680:348 472 382 471
line681:784 194 807 195
line682:496 243 557 243
line683:344 538 350 631
line684:272 963 303 963
line685:129 710 173 711
line686:1091 192 1093 303
line687:132 184 165 185
line688:374 773 375 712
line689:788 854 789 801
line690:492 350 492 201
line691:787 855 788 800
line692:646 305 646 343
line693:9 672 39 672
line694:256 821 283 845
line695:1385 772 1406 771
line696:73 595 73 472
line697:377 959 413 976
line698:407 631 410 530
line699:409 913 455 914
line700:712 680 766 680
line701:656 918 707 917
line702:368 937 415 981
line703:100 627 127 589
line704:1368 327 1370 242
line705:706 351 708 313
line706:191 630 191 601
line707:1112 591 1119 530
line708:214 1030 214 842
line709:65 832 68 876
line710:488 904 519 905
line711:1346 934 1348 810
line712:85 630 87 568
line713:120 186 167 187
line714:701 246 701 194
line715:947 529 952 630
line716:7 614 39 642
line717:189 342 191 194
line718:680 776 703 776
line719:6 839 6 811
line720:1419 788 1420 824
line721:936 203 1006 204
line722:369 947 422 968
line723:9 705 65 707
line724:1305 195 1415 196
line725:536 787 557 787
line726:790 316 792 192
line727:1465 807 1487 807
line728:7 355 29 355
line729:776 798 777 761
line730:936 1010 949 968
line731:72 491 119 482
line732:648 781 702 783
line733:118 768 183 771
line734:938 529 1003 536
line735:0 982 47 982
line736:1312 778 1342 778
line737:1148 629 1148 608
line738:400 983 400 928
line739:112 518 116 476
line740:2 209 30 208
line741:772 768 799 877
line742:1306 478 1343 478
line743:1145 917 1145 769
line744:941 474 948 607
line745:144 581 145 528
line746:184 522 189 567
line747:1307 324 1311 185
line748:800 712 831 712
line749:326 809 351 820
line750:370 929 420 974
line751:493 349 530 349
line752:1149 193 1150 255
line753:488 528 558 528
line754:1088 972 1139 972
line755:0 762 2 887
line756:792 511 797 612
line757:1088 242 1090 351
line758:113 639 120 585
line759:273 964 297 964
line760:256 820 285 845
line761:1306 482 1349 483
line762:500 785 502 838
line763:144 594 155 629
line764:1341 573 1342 552
line765:33 687 239 687
line766:697 472 698 511
line767:251 634 277 685
line768:1495 212 1495 184
line769:1089 477 1151 476
line770:1392 1029 1475 1034
line771:1169 973 1406 973
line772:795 917 854 919
line773:24 270 24 209
line774:128 760 151 760
line775:657 770 687 769
line776:709 613 711 536
line777:1081 519 1118 548
line778:219 753 231 853
line779:1464 802 1487 802
line780:1003 530 1005 631
line781:72 479 119 478
line782:1378 474 1423 476
line783:488 247 519 247
line784:1153 307 1153 279
line785:745 682 767 681
line786:665 472 703 472
line787:948 529 951 598
line788:72 474 117 473
line789:1089 478 1149 477
line790:641 487 703 484
line791:31 348 31 311
line792:368 972 418 974
line793:1040 964 1087 962
line794:493 560 495 520
line795:1348 623 1349 537
line796:940 344 967 344
line797:295 914 301 966
line798:986 565 989 528
line799:1091 474 1092 533
line800:646 875 647 785
line801:1150 317 1150 349
line802:383 929 406 980
line803:1176 844 1205 845
line804:644 914 705 916
line805:182 472 196 630
line806:1168 975 1405 975
line807:488 520 491 627
line808:668 912 708 924
line809:1 608 1 639
line810:107 629 108 608
line811:1372 326 1373 240
line812:1227 631 1368 627
line813:937 1011 957 1011
line814:144 589 157 630
line815:73 197 84 239
line816:438 832 501 831
line817:700 474 701 510
line818:936 911 936 771
line819:335 845 335 808
line820:1376 859 1376 833
line821:9 677 37 677
line822:8 983 69 983
line823:488 553 489 631
line824:976 631 985 528
line825:938 487 940 558
line826:1305 197 1415 193
line827:219 849 223 898
line828:146 246 188 235
line829:368 929 415 973
line830:109 624 119 477
line831:314 810 350 823
line832:496 242 552 238
line833:1378 472 1382 523
line834:848 303 849 271
line835:965 1025 1023 1024
line836:1313 777 1343 777
line837:791 319 794 282
line838:896 10 986 11
line839:344 473 396 472
line840:1420 913 1423 806
line841:1145 474 1150 582
line842:1088 308 1089 350
line843:186 752 222 753
line844:515 346 559 346
line845:261 633 264 685
line846:184 754 222 756
line847:92 337 190 337
line848:1041 963 1087 960
line849:372 932 405 931
line850:1154 711 1499 711
line851:476 836 500 836
line852:1484 599 1484 576
line853:505 202 557 201
line854:793 484 855 478
line855:1417 567 1422 473
line856:224 816 227 851
line857:1345 520 1350 479
line858:1094 198 1147 199
line859:187 472 191 526
line860:1379 240 1399 242
line861:1207 706 1237 718
line862:968 344 1006 343
line863:552 296 553 351
line864:1304 314 1305 201
line865:1040 912 1068 912
line866:72 627 72 477
line867:1119 344 1151 344
line868:641 482 703 478
line869:1312 782 1343 780
line870:38 710 94 711
line871:257 815 327 811
line872:643 278 644 201
line873:1418 628 1423 519
line874:161 774 182 774
line875:408 838 498 832
line876:130 764 150 763
line877:942 836 942 773
line878:851 543 853 617
line879:1305 199 1421 203
line880:1433 975 1467 975
line881:368 730 414 813
line882:374 928 423 971
line883:440 679 509 680
line884:1300 1037 1326 1037
line885:528 199 552 199
line886:1463 719 1485 719
line887:794 613 794 588
line888:1371 719 1426 719
line889:800 214 801 192
line890:776 807 784 761
line891:5 887 6 840
line892:960 921 991 922
line893:946 907 951 859
line894:1374 627 1417 626
line895:273 961 302 961
line896:1368 277 1368 242
line897:67 1039 71 960
line898:811 349 852 338
line899:145 188 146 281
line900:1323 1024 1394 1036
line901:234 685 407 685
line902:797 349 799 312
line903:786 202 815 203
line904:703 926 704 858
line905:498 487 558 487
line906:1158 283 1159 248
line907:1316 341 1347 340
line908:256 836 289 845
line909:1306 786 1348 786
line910:146 197 172 197
line911:787 247 854 247
line912:768 778 845 779
line913:1006 351 1006 203
line914:979 631 983 592
line915:76 340 76 249
line916:922 832 951 833
line917:672 200 699 221
line918:116 639 116 482
line919:368 732 414 815
line920:10 678 10 554
line921:1006 631 1007 574
line922:257 813 285 814
line923:112 271 115 197
line924:1337 926 1415 927
line925:256 811 334 809
line926:1385 342 1437 331
line927:1342 207 1413 194
line928:72 807 118 769
line929:744 839 788 839
line930:9 674 39 674
line931:1488 134 1489 64
line932:2 501 2 432
line933:1153 579 1154 603
line934:281 918 302 929
line935:1111 628 1118 547
line936:704 560 705 630
line937:1320 770 1342 770
line938:1394 1025 1431 1026
line939:72 339 123 339
line940:0 612 39 645
line941:848 873 849 917
line942:784 201 840 202
line943:369 755 414 794
line944:0 979 44 979
line945:151 551 151 472
line946:1339 575 1350 500
line947:960 925 991 925
line948:787 196 807 197
line949:104 771 130 771
line950:817 351 852 339
line951:994 10 1106 11
line952:1231 840 1308 838
line953:793 529 794 481
line954:368 771 389 771
line955:145 238 188 237
line956:787 315 787 280
line957:184 630 198 570
line958:318 810 351 822
line959:344 584 347 629
line960:505 779 540 781
line961:934 343 942 193
line962:1081 515 1116 543
line963:786 199 855 200
line964:369 773 389 774
line965:393 969 415 886
line966:1400 718 1427 718
line967:404 192 406 320
line968:257 833 279 833
line969:1337 201 1415 185
line970:12 673 37 673
line971:272 965 303 965
line972:150 301 151 226
line973:73 238 116 239
line974:185 753 220 754
line975:340 493 363 465
line976:653 782 703 784
line977:498 796 500 910
line978:1104 1028 1215 1028
line979:1487 845 1487 805
line980:369 936 415 979
line981:30 398 31 349
line982:708 350 709 312
line983:795 347 798 281
line984:544 246 555 193
line985:411 835 438 843
line986:1306 790 1347 790
line987:1357 959 1360 912
line988:1342 570 1350 510
line989:222 754 231 832
line990:1268 624 1296 624
line991:121 188 161 188
line992:1304 785 1350 785
line993:506 777 509 813
line994:272 948 276 920
line995:978 560 990 631
line996:66 837 90 784
line997:936 271 942 349
line998:1310 239 1310 271
line999:985 718 1359 718
line1000:849 625 898 626
line1001:344 327 344 274
line1002:1310 320 1310 340
line1003:795 914 854 916
line1004:148 343 148 190
line1005:1360 12 1382 12
line1006:1063 914 1148 915
line1007:409 638 411 528
line1008:645 200 647 285
line1009:1381 917 1383 836
line1010:217 775 217 752
line1011:1321 769 1341 769
line1012:801 482 848 476
line1013:1321 774 1343 775
line1014:380 964 414 981
line1015:0 633 55 633
line1016:346 477 348 521
line1017:256 834 278 838
line1018:1380 478 1423 477
line1019:823 351 854 346
line1020:354 203 402 204
line1021:1460 631 1499 630
line1022:1095 475 1134 472
line1023:107 474 124 538
line1024:272 938 300 938
line1025:1376 340 1397 336
line1026:793 347 854 345
line1027:529 196 558 195
line1028:1390 768 1421 793
line1029:369 968 420 969
line1030:492 880 492 916
line1031:6 762 11 814
line1032:1493 967 1494 930
line1033:321 810 334 841
line1034:256 837 284 845
line1035:489 545 519 520
line1036:1482 598 1482 577
line1037:337 501 340 481
line1038:221 848 223 876
line1039:4 887 4 850
line1040:1345 343 1345 304
line1041:309 709 311 674
line1042:936 207 1003 206
line1043:1097 712 1118 712
line1044:661 630 783 624
line1045:786 316 786 281
line1046:640 477 683 474
line1047:828 714 991 714
line1048:297 626 368 628
line1049:1120 11 1167 10
line1050:369 768 391 769
line1051:1387 768 1421 796
line1052:368 766 382 739
line1053:221 754 231 843
line1054:913 832 949 834
line1055:1481 845 1481 805
line1056:1416 566 1417 544
line1057:192 1035 211 1013
line1058:1336 572 1340 552
line1059:647 245 695 245
line1060:1305 787 1306 836
line1061:144 597 152 631
line1062:494 631 495 532
line1063:851 567 855 488
line1064:1370 206 1421 207
line1065:1232 841 1263 842
line1066:77 241 115 241
line1067:79 823 80 792
line1068:344 343 400 342
line1069:784 210 807 212
line1070:113 560 119 474
line1071:1094 533 1094 473
line1072:936 239 1005 242
line1073:936 1012 959 1013
line1074:939 803 939 836
line1075:522 486 558 484
line1076:75 619 119 621
line1077:1147 583 1148 558
line1078:647 201 692 200
line1079:493 348 493 240
line1080:272 927 299 929
line1081:413 634 455 634
line1082:765 682 769 710
line1083:501 480 559 486
line1084:1168 1037 1190 1037
line1085:208 952 209 1044
line1086:796 246 798 192
line1087:300 808 351 826
line1088:976 609 1005 608
line1089:1336 920 1379 914
line1090:1404 1029 1431 1029
line1091:370 933 406 937
line1092:281 913 303 962
line1093:641 203 699 208
line1094:1109 628 1127 584
line1095:82 196 83 239
line1096:279 920 301 933
line1097:1 785 1 763
line1098:1339 922 1382 916
line1099:407 780 410 918
line1100:1273 1030 1366 1030
line1101:1472 12 1495 12
line1102:1004 631 1006 568
line1103:1153 706 1486 706
line1104:900 11 929 11
line1105:3 763 7 819
line1106:10 710 66 711
line1107:1368 200 1418 186
line1108:496 709 551 709
line1109:785 855 787 807
line1110:549 194 553 321
line1111:948 972 995 968
line1112:1144 349 1144 312
line1113:114 638 122 584
line1114:1407 1026 1427 1026
line1115:1080 530 1118 531
line1116:11 525 11 498
line1117:735 624 781 628
line1118:6 622 36 647
line1119:792 349 794 286
line1120:224 804 230 853
line1121:345 199 406 198
line1122:121 190 165 189
line1123:1090 323 1094 231
line1124:73 202 116 257
line1125:1464 810 1485 809
line1126:379 961 408 976
line1127:943 903 943 830
line1128:1435 967 1494 967
line1129:936 349 938 306
line1130:1242 629 1278 628
line1131:646 789 647 839
line1132:938 512 939 559
line1133:133 627 213 625
line1134:1486 845 1486 805
line1135:853 296 853 324
line1136:1240 14 1299 15
line1137:936 256 944 349
line1138:368 948 415 976
line1139:5 615 39 643
line1140:556 789 557 839
line1141:74 235 115 233
line1142:640 481 703 476
line1143:1312 776 1342 776
line1144:193 522 199 591
line1145:987 567 990 539
line1146:945 971 965 969
line1147:272 935 300 934
line1148:938 1006 951 976
line1149:1240 712 1359 712
line1150:345 207 405 206
line1151:273 920 274 966
line1152:349 527 349 474
line1153:946 882 951 832
line1154:1306 784 1343 783
line1155:1356 967 1356 912
line1156:146 196 190 195
line1157:390 244 404 218
line1158:274 846 334 845
line1159:938 193 966 193
line1160:1038 773 1075 773
line1161:1376 341 1439 328
line1162:665 771 687 771
line1163:770 779 819 775
line1164:1464 805 1485 805
line1165:1304 791 1350 791
line1166:1241 717 1359 717
line1167:1375 243 1415 235
line1168:1257 836 1302 839
line1169:185 629 185 602
line1170:784 319 784 282
line1171:1208 708 1239 708
line1172:1258 833 1309 836
line1173:641 916 707 918
line1174:0 626 23 626
line1175:607 839 642 839
line1176:1380 473 1423 473
line1177:259 711 311 710
line1178:942 601 946 630
line1179:97 681 98 710
line1180:1113 573 1127 602
line1181:76 625 119 616
line1182:489 540 558 522
line1183:362 469 382 468
line1184:186 601 187 629
line1185:1080 192 1151 192
line1186:504 780 536 779
line1187:147 480 191 477
line1188:368 772 388 772
line1189:257 659 277 676
line1190:1397 768 1422 788
line1191:345 194 389 192
line1192:937 535 1005 535
line1193:851 192 853 262
line1194:1082 193 1082 214
line1195:598 682 743 684
line1196:149 474 172 472
line1197:1392 233 1414 236
line1198:964 528 1007 534
line1199:209 852 219 903
line1200:490 523 557 520
line1201:375 930 423 973
line1202:73 194 91 239
line1203:832 245 855 245
line1204:942 263 943 229
line1205:1491 306 1492 210
line1206:149 207 153 245
line1207:1320 477 1350 477
line1208:1354 967 1355 913
line1209:941 1009 984 1030
line1210:0 705 45 708
line1211:1081 522 1116 550
line1212:96 780 149 767
line1213:489 537 528 520
line1214:1379 777 1414 777
line1215:434 638 454 638
line1216:1311 624 1311 568
line1217:1344 820 1344 793
line1218:553 629 555 523
line1219:24 415 26 356
line1220:500 813 559 814
line1221:793 854 795 916
line1222:1456 633 1487 632
line1223:1308 184 1308 239
line1224:707 890 707 926
line1225:35 704 111 710
line1226:405 532 407 498
line1227:796 351 799 280
line1228:9 678 39 678
line1229:1148 481 1151 538
line1230:1041 962 1071 960
line1231:1304 787 1348 787
line1232:384 782 406 781
line1233:793 915 850 916
line1234:65 817 67 853
line1235:405 570 406 613
line1236:329 821 349 823
line1237:1117 628 1117 567
line1238:1089 476 1151 479
line1239:263 661 263 633
line1240:945 771 947 807
line1241:1289 719 1337 719
line1242:184 758 222 760
line1243:65 1032 87 1032
line1244:803 215 804 193
line1245:999 1008 1002 1038
line1246:1006 975 1044 972
line1247:1157 584 1159 611
line1248:1419 817 1420 862
line1249:61 626 117 614
line1250:10 787 11 810
line1251:1147 333 1148 313
line1252:489 530 542 522
line1253:792 580 793 613
line1254:1483 842 1483 811
line1255:1325 184 1351 261
line1256:1115 529 1121 606
line1257:114 515 122 543
line1258:411 861 417 840
line1259:936 199 1003 200
line1260:1150 608 1151 628
line1261:290 967 301 935
line1262:1384 770 1407 769
line1263:1380 341 1439 334
line1264:550 194 552 264
line1265:1336 930 1411 923
line1266:937 1015 974 1034
line1267:129 766 149 766
line1268:649 345 700 344
line1269:649 202 686 203
line1270:194 521 199 565
line1271:347 243 348 221
line1272:699 509 699 481
line1273:782 764 785 843
line1274:944 915 1038 912
line1275:956 629 1054 632
line1276:89 630 126 586
line1277:345 474 348 577
line1278:1488 287 1493 365
line1279:149 681 150 705
line1280:1296 1039 1327 1039
line1281:1 866 3 886
line1282:2 215 31 215
line1283:260 670 260 634
line1284:0 609 36 640
line1285:3 499 5 474
line1286:183 630 184 607
line1287:13 663 13 499
line1288:657 200 699 202
line1289:150 281 150 255
line1290:798 918 799 873
line1291:15 980 71 980
line1292:475 628 534 626
line1293:786 244 851 244
line1294:376 965 409 983
line1295:1347 237 1397 243
line1296:370 945 422 973
line1297:1098 919 1144 909
line1298:732 833 790 835
line1299:850 629 901 631
line1300:791 767 838 770
line1301:376 955 417 973
line1302:559 838 559 807
line1303:806 349 827 344
line1304:489 529 492 602
line1305:1304 196 1418 202
line1306:1414 238 1415 194
line1307:941 1015 946 969
line1308:144 512 146 623
line1309:792 482 797 567
line1310:1288 833 1310 834
line1311:531 349 558 349
line1312:4 210 31 210
line1313:1084 534 1084 505
line1314:7 611 37 636
line1315:342 243 404 244
line1316:75 820 106 768
line1317:375 950 406 935
line1318:1351 208 1351 254
line1319:188 627 214 627
line1320:644 912 705 915
line1321:256 822 282 845
line1322:1056 13 1137 15
line1323:1306 788 1350 788
line1324:342 627 351 579
line1325:9 671 9 499
line1326:11 675 39 675
line1327:393 965 402 928
line1328:360 467 381 466
line1329:249 633 268 678
line1330:709 565 711 495
line1331:977 472 1007 472
line1332:1340 192 1342 231
line1333:184 565 185 523
line1334:1408 239 1408 185
line1335:368 973 394 974
line1336:1348 554 1351 623
line1337:1464 808 1484 808
line1338:67 829 88 785
line1339:1145 534 1146 581
line1340:272 921 294 921
line1341:641 208 699 204
line1342:336 263 338 243
line1343:553 837 587 839
line1344:975 630 978 562
line1345:1338 193 1340 230
line1346:139 343 190 343
line1347:504 781 529 781
line1348:937 1004 1006 1037
line1349:185 756 223 758
line1350:809 772 833 772
line1351:218 848 219 900
line1352:994 1008 997 1030
line1353:899 628 1001 631
line1354:274 939 299 940
line1355:990 972 1028 971
line1356:188 472 191 523
line1357:1491 73 1492 110
line1358:653 776 702 779
line1359:87 706 87 681
line1360:769 770 813 770
line1361:1309 839 1310 784
line1362:488 596 488 627
line1363:1379 778 1410 778
line1364:402 584 403 614
line1365:937 1014 940 980
line1366:558 13 613 13
line1367:857 12 927 12
line1368:411 847 439 847
line1369:937 979 976 969
line1370:1482 845 1482 811
line1371:1152 709 1172 709
line1372:371 761 414 802
line1373:1304 789 1348 789
line1374:549 680 550 716
line1375:1344 582 1350 519
line1376:1209 709 1237 709
line1377:1146 254 1147 210
line1378:351 342 351 320
line1379:1168 1039 1191 1039
line1380:3 639 25 639
line1381:789 585 791 612
line1382:704 626 729 624
line1383:214 752 216 773
line1384:643 488 677 486
line1385:490 527 557 524
line1386:981 604 1003 603
line1387:11 642 119 619
line1388:1372 242 1421 249
line1389:208 1037 209 959
line1390:65 871 65 822
line1391:1487 598 1487 577
line1392:800 716 831 716
line1393:1308 480 1345 472
line1394:1457 638 1482 638
line1395:211 1014 211 953
line1396:1416 505 1420 474
line1397:368 762 389 719
line1398:939 1013 1006 1032
line1399:1011 630 1066 631
line1400:414 914 515 913
line1401:74 822 74 801
line1402:850 296 852 342
line1403:713 708 775 708
line1404:506 486 559 482
line1405:74 209 110 207
line1406:940 298 943 196
line1407:1374 327 1374 290
line1408:528 629 578 629
line1409:754 630 795 613
line1410:1464 815 1499 815
line1411:129 761 149 761
line1412:1399 247 1401 184
line1413:1381 342 1381 321
line1414:1312 784 1350 784
line1415:493 568 495 601
line1416:371 773 374 714
line1417:980 620 1003 620
line1418:1308 473 1345 474
line1419:1368 192 1418 195
line1420:1089 479 1090 533
line1421:696 288 697 318
line1422:642 308 644 342
line1423:1080 531 1104 528
line1424:1087 534 1087 505
line1425:1342 192 1343 225
line1426:210 1039 210 1016
line1427:1378 780 1404 780
line1428:784 242 851 242
line1429:849 833 885 835
line1430:257 839 257 814
line1431:1488 405 1489 356
line1432:936 204 991 203
line1433:83 196 127 195
line1434:937 1003 959 1010
line1435:337 241 407 240
line1436:1416 871 1417 918
line1437:1382 586 1382 615
line1438:952 1024 1021 1024
line1439:276 967 276 926
line1440:1381 476 1409 476
line1441:1146 327 1147 349
line1442:496 204 559 206
line1443:111 477 127 538
line1444:372 936 411 972
line1445:642 906 708 926
line1446:405 481 406 509
line1447:500 810 556 813
line1448:1379 776 1415 776
line1449:713 709 773 709
line1450:258 830 279 847
line1451:1084 215 1087 193
line1452:274 941 300 941
line1453:977 606 1005 606
line1454:1159 624 1191 624
line1455:536 790 557 790
line1456:712 704 774 704
line1457:80 196 81 239
line1458:8 209 30 209
line1459:786 255 786 193
line1460:87 627 87 592
line1461:415 843 439 845
line1462:519 527 557 527
line1463:769 768 799 768
line1464:412 633 463 631
line1465:272 960 300 959
line1466:1112 629 1125 601
line1467:346 816 351 839
line1468:1097 716 1118 716
line1469:941 530 942 559
line1470:1314 629 1338 629
line1471:848 834 882 838
line1472:1113 591 1116 563
line1473:184 540 185 561
line1474:1341 1024 1393 1034
line1475:385 628 454 626
line1476:1108 919 1144 912
line1477:67 836 108 768
line1478:197 563 199 589
line1479:34 685 98 681
line1480:379 929 399 937
line1481:558 287 559 351
line1482:411 824 412 878
line1483:816 476 855 476
line1484:532 194 557 195
line1485:1090 473 1143 475
line1486:645 478 674 476
line1487:702 511 703 479
line1488:1051 962 1080 962
line1489:1423 542 1423 597
line1490:184 503 189 566
line1491:1106 8 1166 8
line1492:640 472 663 472
line1493:179 1039 207 1039
line1494:1376 898 1397 926
line1495:68 1035 71 994
line1496:400 340 400 192
line1497:1432 961 1483 962
line1498:112 488 127 543
line1499:331 841 331 814
line1500:705 564 705 537
line1501:640 486 702 474
line1502:117 600 119 542
line1503:992 10 1049 15
line1504:225 819 229 855
line1505:958 972 1082 966
line1506:1310 204 1337 204
line1507:87 209 92 239
line1508:31 243 31 212
line1509:797 909 798 849
line1510:1348 536 1350 472
line1511:74 481 117 479
line1512:1385 768 1422 798
line1513:646 879 647 850
line1514:97 631 130 631
line1515:1478 833 1499 834
line1516:644 851 645 919
line1517:414 831 415 917
line1518:1112 925 1133 924
line1519:952 206 1005 207
line1520:946 529 951 625
line1521:144 476 180 472
line1522:104 340 186 338
line1523:978 600 1003 600
line1524:558 604 558 554
line1525:640 202 689 204
line1526:129 336 151 336
line1527:152 1035 191 1035
line1528:1086 535 1116 528
line1529:352 194 399 192
line1530:1370 577 1371 628
line1531:1378 813 1378 792
line1532:1306 476 1335 476
line1533:1336 922 1378 911
