line0:866 366 911 366
line1:864 362 911 362
line2:233 152 631 152
line3:232 154 414 154
line4:274 367 372 367
line5:1129 668 1223 668
line6:1297 151 1399 151
line7:450 109 494 109
line8:560 671 654 671
line9:1192 800 1220 800
line10:722 598 775 599
line11:1345 765 1406 765
line12:985 797 1109 797
line13:552 435 590 436
line14:985 366 1062 367
line15:281 762 367 762
line16:561 443 655 441
line17:1296 146 1399 146
line18:1130 767 1222 767
line19:773 430 773 360
line20:280 763 366 763
line21:905 755 942 755
line22:120 147 239 145
line23:232 157 631 157
line24:620 363 654 363
line25:696 365 775 365
line26:938 665 941 766
line27:443 504 487 504
line28:867 158 867 105
line29:918 604 918 504
line30:296 303 367 302
line31:273 666 375 666
line32:560 365 637 364
line33:720 148 775 148
line34:917 444 917 369
line35:425 670 517 670
line36:424 666 519 668
line37:280 108 359 108
line38:915 572 915 504
line39:864 360 908 360
line40:590 541 591 607
line41:953 798 1262 803
line42:1325 799 1455 797
line43:173 591 173 490
line44:562 665 655 665
line45:914 664 943 664
line46:1129 116 1191 114
line47:584 234 631 234
line48:721 235 775 235
line49:625 761 655 761
line50:171 361 215 361
line51:208 189 269 189
line52:135 431 215 424
line53:870 765 870 666
line54:584 397 654 369
line55:208 190 367 190
line56:208 188 366 188
line57:449 106 495 106
line58:864 541 868 508
line59:912 673 943 673
line60:1129 159 1223 159
line61:344 153 463 153
line62:296 233 367 233
line63:952 794 1110 794
line64:913 767 913 665
line65:681 477 814 477
line66:1152 296 1197 297
line67:176 180 213 182
line68:584 297 630 296
line69:168 122 190 122
line70:417 761 503 763
line71:1329 400 1391 394
line72:1344 766 1407 767
line73:474 760 502 760
line74:147 495 214 491
line75:120 144 239 144
line76:282 764 365 764
line77:417 184 511 184
line78:274 447 375 447
line79:585 607 585 505
line80:1329 725 1407 723
line81:416 760 502 761
line82:1399 318 1471 320
line83:720 104 775 104
line84:868 767 868 664
line85:720 239 774 239
line86:441 595 487 595
line87:409 433 525 433
line88:418 187 511 189
line89:81 420 127 421
line90:1129 155 1221 155
line91:817 800 860 807
line92:169 135 190 135
line93:121 145 190 145
line94:1026 436 1085 432
line95:968 475 1103 475
line96:1 679 1 608
line97:984 291 1055 287
line98:417 766 503 764
line99:73 348 95 349
line100:587 606 587 506
line101:427 474 469 472
line102:1146 445 1222 445
line103:1128 153 1156 151
line104:1257 799 1414 793
line105:120 101 183 101
line106:592 191 631 191
line107:840 751 851 664
line108:1361 105 1399 105
line109:864 511 914 511
line110:560 752 625 767
line111:122 347 214 355
line112:192 656 193 751
line113:1296 149 1398 149
line114:273 443 373 441
line115:604 504 631 512
line116:273 386 302 385
line117:77 357 127 358
line118:402 478 527 472
line119:1336 348 1389 347
line120:1384 684 1407 722
line121:1296 110 1367 112
line122:72 355 164 344
line123:432 478 527 473
line124:184 376 186 429
line125:519 199 631 184
line126:810 800 816 838
line127:296 237 367 237
line128:1025 106 1069 105
line129:1129 118 1191 118
line130:448 144 495 143
line131:1145 363 1222 364
line132:103 1002 103 952
line133:402 476 455 472
line134:1150 293 1150 248
line135:99 591 99 488
line136:771 429 771 361
line137:680 479 774 479
line138:171 377 212 376
line139:417 369 510 360
line140:914 151 919 125
line141:696 370 723 360
line142:169 139 191 138
line143:120 657 121 756
line144:984 294 1054 293
line145:1017 112 1070 113
line146:720 290 775 289
line147:1145 607 1145 504
line148:80 495 189 488
line149:944 859 951 1002
line150:1330 726 1362 727
line151:161 358 215 351
line152:80 509 119 509
line153:1151 294 1152 232
line154:1448 789 1465 823
line155:720 107 775 106
line156:912 766 912 666
line157:208 707 213 750
line158:1444 287 1444 232
line159:80 417 119 415
line160:1008 667 1055 666
line161:121 98 182 98
line162:868 159 869 104
line163:1442 943 1451 760
line164:156 656 212 669
line165:741 990 746 912
line166:553 368 655 365
line167:297 301 367 296
line168:1304 316 1365 318
line169:871 159 871 137
line170:849 668 871 668
line171:81 500 215 488
line172:654 766 654 666
line173:877 824 951 840
line174:576 96 630 96
line175:577 104 631 106
line176:272 382 303 381
line177:1049 131 1071 131
line178:1335 423 1335 353
line179:1391 430 1391 398
line180:1129 107 1222 106
line181:0 1002 2 896
line182:1128 666 1223 664
line183:3 1002 5 896
line184:811 888 815 973
line185:1384 378 1387 431
line186:120 150 238 150
line187:577 110 631 110
line188:841 687 871 688
line189:80 513 118 513
line190:872 103 918 103
line191:1312 287 1447 285
line192:584 299 631 300
line193:1372 752 1404 759
line194:720 505 774 504
line195:810 1002 810 890
line196:560 765 655 764
line197:720 507 774 507
line198:1144 805 1259 807
line199:1128 669 1223 669
line200:984 295 1055 295
line201:1258 793 1301 792
line202:1017 155 1063 156
line203:409 438 436 438
line204:561 667 655 668
line205:267 184 366 185
line206:80 428 144 424
line207:120 431 215 420
line208:75 346 95 348
line209:1449 374 1479 374
line210:81 558 118 552
line211:484 438 519 425
line212:919 446 919 368
line213:864 447 864 361
line214:505 195 598 197
line215:865 447 868 361
line216:721 233 756 232
line217:984 235 1054 234
line218:1296 103 1318 103
line219:1009 669 1055 670
line220:337 151 357 89
line221:1153 238 1199 238
line222:1450 766 1499 773
line223:6 1002 6 898
line224:623 235 631 290
line225:280 761 367 760
line226:768 597 773 506
line227:1129 132 1156 132
line228:168 391 213 389
line229:1288 494 1327 499
line230:1024 288 1055 290
line231:518 749 518 666
line232:1432 980 1494 999
line233:1215 666 1223 751
line234:1144 439 1221 442
line235:589 504 631 517
line236:448 105 495 105
line237:122 102 183 102
line238:11 830 14 806
line239:118 583 118 488
line240:419 361 511 361
line241:870 402 870 444
line242:579 102 631 101
line243:1375 318 1471 313
line244:584 302 584 232
line245:80 366 119 365
line246:1380 1002 1382 944
line247:823 888 839 989
line248:561 721 588 724
line249:123 149 192 148
line250:968 473 991 398
line251:192 590 214 567
line252:171 382 208 377
line253:1332 118 1391 96
line254:81 585 214 587
line255:904 761 943 761
line256:697 475 697 360
line257:845 832 876 839
line258:696 362 774 362
line259:280 109 358 110
line260:82 504 119 502
line261:1145 249 1146 294
line262:916 767 916 666
line263:1154 235 1193 232
line264:299 599 299 507
line265:304 607 343 607
line266:721 512 775 511
line267:209 186 319 186
line268:748 295 774 290
line269:850 832 879 839
line270:944 833 951 983
line271:1376 1002 1381 946
line272:736 912 739 989
line273:1296 106 1334 105
line274:1149 607 1149 504
line275:912 575 913 505
line276:129 96 183 97
line277:74 359 119 364
line278:1153 236 1199 236
line279:361 193 423 193
line280:81 411 119 409
line281:1288 501 1318 505
line282:865 236 919 235
line283:440 237 486 238
line284:1147 605 1147 504
line285:1145 153 1214 154
line286:865 305 919 302
line287:1026 108 1071 106
line288:1129 135 1156 135
line289:186 337 188 383
line290:1312 280 1446 280
line291:1444 943 1448 864
line292:1333 119 1390 98
line293:515 434 515 368
line294:512 751 513 664
line295:914 445 914 368
line296:435 472 461 479
line297:121 656 123 692
line298:1129 113 1223 111
line299:449 111 490 110
line300:629 599 629 504
line301:723 111 775 112
line302:1439 983 1441 844
line303:696 664 798 669
line304:282 110 359 111
line305:864 151 919 148
line306:560 755 590 755
line307:311 670 353 658
line308:3 759 4 720
line309:82 427 126 416
line310:1017 154 1071 151
line311:169 758 169 657
line312:653 766 653 664
line313:1034 439 1102 436
line314:208 345 209 428
line315:1358 112 1359 147
line316:1034 479 1090 479
line317:984 290 1053 291
line318:81 538 117 535
line319:578 145 631 147
line320:1329 147 1398 148
line321:133 658 215 677
line322:209 191 316 191
line323:448 159 449 107
line324:1316 284 1445 286
line325:436 302 447 233
line326:8 786 8 830
line327:274 680 303 663
line328:1331 352 1391 350
line329:1051 142 1071 142
line330:1328 656 1340 759
line331:120 100 182 100
line332:810 433 815 479
line333:492 438 518 428
line334:296 509 351 509
line335:737 759 790 762
line336:867 447 868 378
line337:586 664 588 766
line338:513 195 597 194
line339:651 447 651 360
line340:1146 365 1223 367
line341:560 751 631 767
line342:721 293 775 295
line343:280 111 359 112
line344:486 327 486 233
line345:175 590 175 488
line346:772 96 775 150
line347:864 562 870 504
line348:624 368 655 367
line349:1400 677 1407 705
line350:8 902 9 864
line351:947 970 948 1002
line352:176 178 213 177
line353:1146 604 1174 600
line354:1445 793 1461 821
line355:1146 443 1223 443
line356:1379 663 1413 663
line357:721 595 773 594
line358:904 758 943 758
line359:1330 144 1397 145
line360:849 666 869 666
line361:1346 762 1406 760
line362:1187 803 1263 804
line363:101 1002 101 952
line364:865 598 871 540
line365:864 303 918 300
line366:1296 107 1398 111
line367:1258 797 1293 796
line368:113 421 113 354
line369:1144 446 1223 446
line370:809 1002 809 889
line371:97 590 97 489
line372:152 591 215 577
line373:88 184 137 191
line374:5 679 5 608
line375:209 344 211 430
line376:1336 757 1404 756
line377:1072 802 1165 804
line378:631 188 631 98
line379:627 438 654 438
line380:1288 520 1319 524
line381:1016 116 1070 116
line382:303 446 303 361
line383:1448 786 1477 823
line384:170 718 213 707
line385:80 584 83 488
line386:561 761 652 760
line387:435 294 494 293
line388:648 445 648 360
line389:893 803 957 804
line390:737 670 784 664
line391:560 664 562 767
line392:1050 148 1070 148
line393:1018 241 1055 236
line394:99 431 103 369
line395:826 891 838 967
line396:1128 151 1222 153
line397:1344 763 1406 762
line398:373 665 373 686
line399:839 807 888 801
line400:374 759 374 667
line401:948 832 951 940
line402:1129 144 1156 143
line403:1361 98 1386 97
line404:1289 488 1296 591
line405:1336 754 1404 754
line406:433 292 494 290
line407:4 870 5 826
line408:722 147 774 150
line409:584 600 623 600
line410:440 592 486 592
line411:1352 130 1399 131
line412:1152 302 1185 303
line413:864 295 915 297
line414:560 760 586 759
line415:272 445 335 444
line416:359 232 364 303
line417:1144 362 1219 360
line418:372 758 372 665
line419:865 310 865 288
line420:647 766 649 664
line421:174 759 174 656
line422:597 303 630 301
line423:83 499 85 590
line424:276 360 320 366
line425:360 198 423 198
line426:168 384 173 424
line427:7 679 7 608
line428:484 154 484 104
line429:1352 135 1399 134
line430:208 751 210 656
line431:115 422 115 352
line432:1328 397 1388 391
line433:969 472 1063 474
line434:441 593 487 593
line435:742 990 747 912
line436:282 106 358 105
line437:1302 97 1303 150
line438:136 488 213 504
line439:1337 427 1390 431
line440:1049 128 1071 128
line441:699 751 704 665
line442:168 685 213 694
line443:1056 419 1103 461
line444:627 303 627 233
line445:770 598 775 505
line446:1351 150 1354 112
line447:627 402 653 376
line448:576 148 625 151
line449:1129 140 1156 137
line450:1144 603 1206 603
line451:1331 657 1345 761
line452:190 431 190 378
line453:502 432 526 443
line454:720 111 775 110
line455:1089 191 1150 184
line456:585 301 629 298
line457:432 290 494 287
line458:88 183 143 189
line459:505 197 565 198
line460:360 195 422 197
line461:593 185 630 183
line462:1477 850 1478 871
line463:0 638 0 678
line464:984 362 1062 361
line465:190 491 191 520
line466:273 441 375 439
line467:171 96 179 183
line468:768 417 770 360
line469:12 830 13 784
line470:1088 194 1136 199
line471:298 234 367 236
line472:440 233 485 236
line473:147 344 211 367
line474:725 150 725 96
line475:416 749 425 664
line476:1377 656 1388 680
line477:866 308 869 234
line478:1219 107 1231 147
line479:57 982 87 947
line480:1024 435 1061 427
line481:5 757 10 672
line482:1449 769 1495 770
line483:1128 763 1221 761
line484:1197 233 1198 301
line485:649 361 654 398
line486:1157 607 1207 604
line487:700 750 703 717
line488:0 871 3 824
line489:14 831 14 787
line490:788 665 799 729
line491:474 324 495 280
line492:1010 679 1055 684
line493:305 601 343 601
line494:1386 684 1407 684
line495:774 360 776 438
line496:446 327 446 232
line497:1384 344 1388 430
line498:370 757 370 664
line499:558 369 559 438
line500:681 476 814 473
line501:871 253 871 233
line502:277 759 277 665
line503:1130 158 1222 158
line504:1443 936 1447 851
line505:1216 766 1217 664
line506:120 715 121 758
line507:591 235 631 238
line508:374 443 375 360
line509:169 541 169 590
line510:1304 319 1337 318
line511:1128 157 1223 156
line512:480 360 508 360
line513:734 505 772 505
line514:440 582 449 505
line515:1288 495 1326 491
line516:57 988 70 946
line517:1328 689 1333 750
line518:766 295 775 243
line519:439 479 465 479
line520:120 96 128 151
line521:1304 313 1467 313
line522:1330 113 1367 113
line523:722 137 747 157
line524:1049 145 1071 146
line525:720 504 727 599
line526:1438 792 1467 821
line527:1370 657 1407 712
line528:1025 438 1063 436
line529:1440 861 1441 824
line530:814 1002 816 889
line531:15 727 15 672
line532:1304 315 1423 315
line533:408 427 443 439
line534:1194 233 1196 302
line535:1129 109 1223 107
line536:561 669 636 670
line537:308 602 343 606
line538:554 438 642 447
line539:882 607 919 607
line540:187 489 192 589
line541:776 433 812 437
line542:1353 141 1399 141
line543:169 520 212 515
line544:1452 761 1453 830
line545:193 658 200 759
line546:1130 106 1215 103
line547:296 507 327 504
line548:624 599 626 504
line549:339 360 374 362
line550:563 766 651 766
line551:721 144 773 147
line552:984 233 1023 232
line553:1288 532 1317 537
line554:297 235 299 302
line555:417 392 421 365
line556:336 119 359 119
line557:124 657 127 686
line558:1129 134 1136 154
line559:208 490 215 572
line560:112 423 112 352
line561:299 360 335 366
line562:681 471 774 473
line563:481 327 481 233
line564:1128 762 1222 760
line565:451 159 457 104
line566:112 539 115 583
line567:628 190 628 98
line568:584 387 654 385
line569:1176 504 1199 506
line570:736 753 759 753
line571:1480 849 1497 871
line572:985 293 1055 288
line573:705 767 791 765
line574:630 599 630 504
line575:735 367 775 363
line576:72 356 211 344
line577:122 658 129 758
line578:917 150 919 96
line579:864 599 870 542
line580:1330 663 1403 650
line581:745 664 799 667
line582:505 192 598 192
line583:1473 816 1499 816
line584:1024 439 1102 435
line585:1444 868 1444 840
line586:348 599 348 504
line587:868 806 898 801
line588:968 467 991 416
line589:416 680 422 767
line590:817 836 934 829
line591:295 360 298 446
line592:722 593 763 593
line593:1408 319 1471 316
line594:301 446 301 362
line595:117 581 117 488
line596:885 824 934 827
line597:1145 441 1222 440
line598:81 508 119 506
line599:365 235 367 300
line600:82 590 87 532
line601:172 758 172 658
line602:1353 133 1399 133
line603:1313 531 1319 588
line604:984 264 995 232
line605:1231 802 1259 802
line606:283 151 284 104
line607:586 606 622 607
line608:1073 805 1151 807
line609:720 244 728 295
line610:1145 281 1157 301
line611:169 96 170 127
line612:12 638 12 616
line613:943 766 943 666
line614:1313 488 1319 564
line615:10 726 13 675
line616:120 136 125 99
line617:275 446 275 361
line618:865 149 919 146
line619:273 432 299 432
line620:1296 98 1319 98
line621:834 1000 836 924
line622:844 682 846 751
line623:736 149 766 152
line624:1454 791 1455 761
line625:88 178 141 185
line626:171 430 171 353
line627:83 338 84 431
line628:704 759 791 764
line629:368 759 368 665
line630:3 831 3 871
line631:1336 753 1404 753
line632:984 360 1062 363
line633:1369 657 1407 718
line634:1129 117 1191 117
line635:1311 488 1319 573
line636:1449 312 1452 380
line637:1129 121 1159 121
line638:440 596 487 599
line639:553 372 654 379
line640:1200 579 1207 512
line641:329 443 373 443
line642:400 479 423 402
line643:1155 255 1157 233
line644:296 268 296 300
line645:863 766 865 704
line646:723 292 775 287
line647:409 434 526 436
line648:1336 431 1390 429
line649:424 664 519 664
line650:1424 312 1471 317
line651:1222 764 1222 665
line652:554 386 556 436
line653:1148 248 1149 295
line654:787 767 799 695
line655:121 664 126 756
line656:1329 354 1330 423
line657:300 405 300 361
line658:272 758 272 664
line659:97 954 98 991
line660:1332 656 1413 656
line661:1344 761 1401 760
line662:1385 675 1407 675
line663:306 603 343 603
line664:874 100 919 100
line665:864 154 893 158
line666:1361 104 1399 104
line667:441 239 487 239
line668:911 151 916 97
line669:1129 138 1156 138
line670:1328 677 1337 756
line671:273 759 273 668
line672:722 504 729 599
line673:1216 424 1220 362
line674:913 606 914 569
line675:1440 248 1482 205
line676:488 752 511 752
line677:1057 241 1059 278
line678:168 578 214 583
line679:563 664 597 664
line680:278 758 278 664
line681:85 424 89 348
line682:1376 946 1439 946
line683:1147 361 1148 390
line684:816 833 826 800
line685:491 303 491 281
line686:167 99 201 151
line687:588 383 588 361
line688:336 101 356 103
line689:1133 766 1135 665
line690:194 660 215 660
line691:566 764 567 698
line692:584 605 623 606
line693:80 586 214 591
line694:871 767 871 664
line695:954 796 1015 796
line696:589 302 592 233
line697:692 448 692 475
line698:864 260 865 232
line699:11 824 11 787
line700:276 446 276 362
line701:301 504 301 559
line702:720 547 728 506
line703:1151 507 1151 560
line704:808 911 808 889
line705:1060 159 1070 123
line706:1088 186 1143 194
line707:629 100 630 189
line708:354 88 356 118
line709:836 1002 837 923
line710:627 554 627 505
line711:493 154 495 112
line712:977 479 981 424
line713:120 346 214 352
line714:1352 132 1375 132
line715:1465 988 1499 994
line716:1017 243 1063 245
line717:872 825 931 829
line718:699 473 699 361
line719:167 344 212 344
line720:577 512 617 504
line721:1436 792 1455 824
line722:1021 292 1045 294
line723:169 125 191 125
line724:410 477 424 360
line725:1024 271 1055 280
line726:1203 512 1204 605
line727:751 157 773 129
line728:721 510 774 508
line729:1129 119 1191 119
line730:872 831 950 835
line731:334 665 369 674
line732:1353 140 1399 140
line733:697 718 707 766
line734:1026 109 1070 107
line735:482 505 487 571
line736:212 430 212 346
line737:1013 664 1055 681
line738:885 232 918 265
line739:777 436 805 432
line740:284 765 337 767
line741:384 192 479 189
line742:908 302 918 258
line743:157 151 238 147
line744:947 1002 949 973
line745:445 506 447 594
line746:700 473 702 361
line747:14 902 14 866
line748:196 658 199 718
line749:1428 937 1437 983
line750:439 667 515 672
line751:331 151 352 89
line752:864 241 919 238
line753:1302 792 1451 792
line754:1018 158 1050 159
line755:1476 848 1476 869
line756:1159 302 1199 300
line757:523 479 524 435
line758:1017 115 1070 114
line759:117 423 119 353
line760:208 524 213 589
line761:624 547 624 588
line762:1442 1002 1442 978
line763:615 98 627 188
line764:848 767 848 745
line765:840 748 841 699
line766:1448 379 1471 377
line767:1128 766 1128 667
line768:722 110 775 109
line769:0 633 38 632
line770:518 400 522 478
line771:825 918 839 950
line772:768 664 799 664
line773:122 345 215 345
line774:1329 660 1415 662
line775:866 152 895 156
line776:577 99 627 98
line777:894 606 919 590
line778:698 703 699 665
line779:80 427 81 338
line780:844 751 847 723
line781:772 598 775 541
line782:1060 432 1060 364
line783:796 759 799 689
line784:183 127 183 104
line785:112 507 116 583
line786:586 303 587 232
line787:985 363 1063 368
line788:624 544 625 507
line789:1336 758 1404 758
line790:402 450 404 479
line791:773 598 775 561
line792:1417 943 1446 943
line793:1312 529 1318 590
line794:9 829 9 785
line795:346 151 346 90
line796:720 554 721 599
line797:1144 447 1144 364
line798:586 97 630 128
line799:915 303 918 278
line800:1145 360 1212 363
line801:696 703 696 665
line802:1290 493 1294 524
line803:441 326 445 235
line804:82 494 143 490
line805:279 446 279 361
line806:1187 671 1220 670
line807:1473 999 1473 970
line808:824 923 829 888
line809:722 149 763 152
line810:98 354 100 430
line811:103 527 103 490
line812:512 439 513 368
line813:486 548 486 505
line814:1449 366 1479 371
line815:1440 250 1488 201
line816:1353 142 1398 142
line817:1385 346 1389 427
line818:369 687 369 667
line819:1478 968 1480 999
line820:740 912 744 990
line821:347 596 347 505
line822:12 818 12 784
line823:564 725 565 763
line824:1296 798 1386 795
line825:1449 789 1450 763
line826:449 147 495 146
line827:367 361 373 446
line828:1296 96 1298 150
line829:100 590 102 488
line830:3 679 4 608
line831:1289 561 1308 590
line832:903 801 954 802
line833:989 238 1061 242
line834:726 232 728 291
line835:748 991 751 926
line836:864 276 870 233
line837:209 656 215 729
line838:1132 766 1132 664
line839:1152 300 1199 298
line840:1447 316 1449 383
line841:302 407 302 361
line842:180 183 188 111
line843:906 760 942 760
line844:589 505 590 540
line845:1447 867 1495 871
line846:4 968 5 1002
line847:1198 606 1207 528
line848:626 361 629 445
line849:362 232 365 301
line850:1092 188 1142 195
line851:864 146 864 105
line852:1016 154 1032 104
line853:80 493 154 488
line854:82 532 115 528
line855:1330 659 1342 759
line856:971 478 1021 479
line857:971 476 991 400
line858:312 671 359 658
line859:187 674 187 694
line860:812 1002 812 951
line861:903 97 919 118
line862:1309 296 1315 319
line863:585 668 586 764
line864:1089 192 1143 197
line865:1022 241 1056 242
line866:88 189 128 191
line867:1289 575 1317 591
line868:444 596 485 596
line869:1129 120 1157 120
line870:214 431 214 347
line871:869 442 918 441
line872:482 326 485 232
line873:8 950 8 929
line874:506 199 566 199
line875:865 155 919 149
line876:1218 447 1223 361
line877:1483 849 1499 871
line878:814 800 889 803
line879:489 191 511 191
line880:6 824 11 903
line881:1091 185 1151 188
line882:1182 113 1196 153
line883:1025 105 1071 104
line884:629 232 630 295
line885:731 999 749 946
line886:168 727 168 671
line887:297 298 362 296
line888:1256 798 1363 793
line889:197 751 199 720
line890:1313 281 1447 281
line891:1380 658 1391 721
line892:1400 698 1405 649
line893:441 553 446 505
line894:1380 662 1407 706
line895:938 766 942 666
line896:1336 425 1386 424
line897:1459 343 1463 315
line898:484 559 486 598
line899:120 754 175 759
line900:1144 800 1227 801
line901:791 762 798 666
line902:185 490 186 526
line903:649 767 649 697
line904:171 507 208 504
line905:741 912 753 990
line906:1404 282 1445 282
line907:179 147 182 183
line908:192 728 192 750
line909:985 402 992 364
line910:578 159 581 98
line911:561 361 581 360
line912:1028 435 1051 437
line913:1456 816 1499 817
line914:435 475 506 479
line915:487 597 487 505
line916:613 391 654 366
line917:771 237 773 294
line918:344 598 344 507
line919:560 695 563 666
line920:297 360 300 444
line921:123 753 123 719
line922:1192 233 1193 301
line923:210 711 215 750
line924:1474 851 1499 853
line925:838 807 958 803
line926:720 584 726 541
line927:1061 472 1102 472
line928:732 234 775 232
line929:1338 348 1387 348
line930:173 713 215 701
line931:1018 114 1052 114
line932:746 360 770 363
line933:905 764 942 766
line934:1312 283 1446 283
line935:100 411 100 355
line936:13 950 14 928
line937:584 381 605 361
line938:1472 848 1472 870
line939:1352 397 1390 399
line940:169 113 191 115
line941:80 591 83 517
line942:491 154 493 133
line943:724 237 725 294
line944:864 290 892 311
line945:917 807 959 805
line946:698 666 748 667
line947:156 494 212 489
line948:480 505 481 559
line949:618 447 646 447
line950:273 364 299 366
line951:914 766 914 666
line952:1066 150 1067 108
line953:627 415 654 420
line954:1205 607 1206 576
line955:997 234 1052 232
line956:1329 659 1415 660
line957:909 301 918 266
line958:894 825 951 842
line959:458 763 498 762
line960:1129 766 1130 671
line961:347 151 353 88
line962:169 132 190 132
line963:171 693 214 688
line964:812 472 815 435
line965:864 287 895 309
line966:1446 1002 1447 976
line967:1449 338 1450 382
line968:411 477 427 360
line969:724 597 775 596
line970:80 430 191 422
line971:513 717 514 751
line972:700 360 744 360
line973:298 239 366 240
line974:1025 110 1070 111
line975:1026 153 1070 149
line976:208 562 213 489
line977:169 129 190 128
line978:585 237 628 240
line979:147 656 171 661
line980:1451 316 1453 383
line981:726 1001 748 948
line982:1048 473 1102 473
line983:1331 716 1407 725
line984:864 234 919 233
line985:566 666 568 767
line986:300 597 303 560
line987:593 187 629 188
line988:697 751 697 717
line989:443 324 479 327
line990:204 151 232 151
line991:553 374 625 378
line992:440 308 442 232
line993:984 384 998 360
line994:92 178 142 180
line995:864 504 919 505
line996:650 666 652 765
line997:1384 714 1407 735
line998:1379 949 1439 949
line999:314 360 342 366
line1000:984 249 984 292
line1001:1311 489 1314 590
line1002:497 477 527 477
line1003:1056 435 1056 360
line1004:9 726 11 683
line1005:350 505 351 558
line1006:1440 252 1489 201
line1007:57 1000 61 960
line1008:1288 545 1295 590
line1009:368 406 371 446
line1010:167 490 172 590
line1011:416 743 424 667
line1012:172 388 215 388
line1013:626 444 655 442
line1014:578 105 627 109
line1015:809 435 810 479
line1016:102 591 103 546
line1017:1130 105 1167 104
line1018:61 1002 62 960
line1019:99 991 99 953
line1020:912 531 912 504
line1021:1328 712 1337 759
line1022:242 198 262 197
line1023:697 670 700 713
line1024:866 311 866 233
line1025:929 800 957 801
line1026:1385 651 1407 667
line1027:185 542 191 586
line1028:577 146 627 149
line1029:1202 575 1203 607
line1030:792 439 812 439
line1031:1058 360 1059 439
line1032:1441 232 1443 284
line1033:810 806 861 801
line1034:724 1002 750 940
line1035:773 233 774 293
line1036:321 360 369 366
line1037:416 767 427 665
line1038:704 761 783 764
line1039:1144 290 1199 303
line1040:764 96 772 151
line1041:190 571 190 591
line1042:990 289 990 234
line1043:745 990 749 913
line1044:905 839 945 839
line1045:869 138 869 159
line1046:864 300 919 299
line1047:853 686 855 665
line1048:864 592 870 516
line1049:1291 493 1327 497
line1050:560 367 591 368
line1051:1128 145 1156 146
line1052:1401 764 1407 721
line1053:448 104 487 104
line1054:594 187 626 187
line1055:1129 130 1156 128
line1056:440 599 443 506
line1057:912 539 914 575
line1058:619 97 621 156
line1059:334 303 363 299
line1060:206 492 215 584
line1061:1330 396 1336 429
line1062:0 853 1 824
line1063:1018 246 1061 247
line1064:1332 662 1409 662
line1065:80 499 172 488
line1066:1056 477 1103 478
line1067:480 362 518 370
line1068:82 581 186 586
line1069:905 834 951 832
line1070:1396 650 1407 685
line1071:349 159 349 88
line1072:1173 607 1197 606
line1073:1453 366 1494 365
line1074:300 593 300 508
line1075:1313 286 1346 286
line1076:132 103 191 104
line1077:553 437 553 369
line1078:1288 503 1289 589
line1079:470 472 524 476
line1080:1377 144 1399 144
line1081:952 799 990 799
line1082:833 999 835 922
line1083:755 472 783 472
line1084:866 444 918 443
line1085:400 472 430 360
line1086:190 493 191 545
line1087:169 140 189 140
line1088:588 758 588 666
line1089:0 635 37 636
line1090:560 446 604 447
line1091:584 429 615 447
line1092:916 831 916 800
line1093:1219 765 1219 667
line1094:169 136 190 136
line1095:514 666 515 712
line1096:1160 360 1222 362
line1097:584 386 654 383
line1098:706 671 749 671
line1099:175 380 175 430
line1100:1464 335 1464 315
line1101:168 126 189 126
line1102:56 960 59 1002
line1103:319 671 356 661
line1104:296 105 348 103
line1105:1341 345 1391 346
line1106:1016 118 1070 117
line1107:1223 765 1223 666
line1108:915 668 942 670
line1109:1130 765 1221 766
line1110:126 151 127 97
line1111:1483 961 1492 997
line1112:1449 772 1496 773
line1113:730 295 772 290
line1114:880 602 919 602
line1115:1291 511 1318 512
line1116:522 432 526 479
line1117:119 511 119 489
line1118:867 599 870 568
line1119:91 183 141 183
line1120:579 97 583 159
line1121:831 888 832 990
line1122:169 119 191 119
line1123:813 474 813 433
line1124:405 472 445 472
line1125:1133 667 1216 666
line1126:1223 441 1223 408
line1127:849 752 869 752
line1128:1044 288 1063 258
line1129:1061 430 1063 360
line1130:400 467 429 360
line1131:304 605 342 605
line1132:1129 123 1159 123
line1133:819 839 879 835
line1134:1016 113 1065 113
line1135:577 108 627 107
line1136:745 154 767 153
line1137:2 759 2 720
line1138:1383 393 1386 428
line1139:170 759 170 656
line1140:747 991 751 912
line1141:1438 981 1446 824
line1142:1329 721 1375 727
line1143:1130 136 1156 140
line1144:1216 409 1218 361
line1145:1129 122 1158 122
line1146:186 489 188 547
line1147:625 360 628 441
line1148:577 150 636 166
line1149:608 159 630 132
line1150:1150 506 1191 506
line1151:1145 436 1155 361
line1152:340 96 347 159
line1153:1459 312 1460 342
line1154:1289 507 1318 507
line1155:453 108 488 107
line1156:789 765 799 708
line1157:1376 944 1439 944
line1158:721 238 769 237
line1159:1129 125 1156 125
line1160:1450 364 1495 363
line1161:681 472 774 476
line1162:1032 157 1052 156
line1163:1129 142 1155 140
line1164:864 579 870 507
line1165:554 437 590 438
line1166:698 670 705 763
line1167:1432 928 1437 980
line1168:917 766 919 665
line1169:854 766 854 746
line1170:120 186 143 187
line1171:586 601 623 601
line1172:1386 344 1390 428
line1173:78 336 83 431
line1174:1094 433 1103 471
line1175:840 723 858 665
line1176:707 746 708 766
line1177:1474 848 1474 868
line1178:0 758 1 722
line1179:1147 440 1150 419
line1180:189 429 189 337
line1181:984 388 991 419
line1182:630 360 632 442
line1183:456 473 527 471
line1184:1 998 12 864
line1185:169 111 190 111
line1186:1008 674 1028 686
line1187:1152 116 1191 115
line1188:449 116 460 159
line1189:1010 664 1054 669
line1190:1212 96 1229 149
line1191:586 604 617 605
line1192:864 298 919 298
line1193:1432 966 1434 930
line1194:241 192 263 192
line1195:567 668 648 670
line1196:171 110 191 110
line1197:864 232 919 232
line1198:1073 804 1117 805
line1199:1443 997 1444 976
line1200:1159 232 1191 235
line1201:83 591 210 591
line1202:810 811 877 801
line1203:904 832 904 806
line1204:457 767 502 765
line1205:443 236 482 232
line1206:745 157 767 159
line1207:1455 316 1456 382
line1208:1330 657 1415 657
line1209:1328 399 1340 430
line1210:302 765 366 767
line1211:168 120 191 120
line1212:447 581 447 506
line1213:290 760 318 760
line1214:1293 590 1295 488
line1215:1472 975 1479 999
line1216:72 358 127 353
line1217:1443 232 1469 230
line1218:988 292 989 240
line1219:80 490 123 491
line1220:1452 823 1499 823
line1221:1028 234 1032 292
line1222:168 127 191 127
line1223:702 668 703 716
line1224:584 388 587 445
line1225:196 751 196 662
line1226:1012 363 1057 364
line1227:161 353 185 354
line1228:588 443 592 361
line1229:1453 312 1454 379
line1230:1305 297 1305 318
line1231:865 150 916 147
line1232:6 759 11 674
line1233:11 950 12 928
line1234:169 134 190 133
line1235:82 576 127 579
line1236:403 476 423 417
line1237:472 436 526 435
line1238:194 661 215 661
line1239:1368 136 1398 136
line1240:1048 147 1071 147
line1241:853 832 877 833
line1242:442 318 485 325
line1243:440 505 469 505
line1244:1312 548 1319 488
line1245:587 377 654 407
line1246:123 151 195 148
line1247:681 478 703 414
line1248:456 189 509 185
line1249:653 447 654 411
line1250:336 96 342 151
line1251:184 490 186 589
line1252:1153 240 1190 239
line1253:283 443 318 446
line1254:588 235 631 239
line1255:1384 694 1407 714
line1256:169 112 190 113
line1257:449 150 475 151
line1258:1 866 4 824
line1259:2 619 25 621
line1260:185 349 211 346
line1261:1026 234 1029 289
line1262:368 388 372 444
line1263:578 97 629 97
line1264:145 758 215 683
line1265:403 473 434 475
line1266:770 293 775 266
line1267:795 759 798 672
line1268:1221 389 1221 360
line1269:103 391 103 417
line1270:841 751 841 728
line1271:720 514 723 596
line1272:1220 105 1230 140
line1273:1399 766 1405 727
line1274:418 190 486 185
line1275:84 489 87 562
line1276:556 369 558 430
line1277:576 159 576 98
line1278:1490 849 1491 869
line1279:1151 444 1222 441
line1280:463 367 511 365
line1281:1308 298 1309 318
line1282:1291 587 1313 580
line1283:170 519 212 518
line1284:849 766 852 744
line1285:299 293 341 303
line1286:1315 579 1319 525
line1287:815 995 815 974
line1288:915 402 916 368
line1289:1148 507 1199 507
line1290:1049 132 1063 157
line1291:560 363 591 363
line1292:152 758 214 724
line1293:816 827 866 839
line1294:739 106 775 105
line1295:513 159 629 159
line1296:1308 488 1319 521
line1297:876 98 919 97
line1298:936 744 937 764
line1299:301 235 364 234
line1300:870 149 898 151
line1301:1129 148 1156 149
line1302:913 303 914 234
line1303:849 760 869 761
line1304:11 718 14 683
line1305:1387 349 1390 412
line1306:1449 227 1498 203
line1307:275 759 276 664
line1308:1393 650 1407 694
line1309:581 242 628 235
line1310:58 966 72 946
line1311:194 750 194 658
line1312:1448 776 1499 774
line1313:949 926 950 834
line1314:440 262 445 232
line1315:968 479 990 390
line1316:168 124 191 124
line1317:1134 113 1162 113
line1318:915 767 919 745
line1319:721 294 770 290
line1320:441 512 485 510
line1321:1048 432 1103 444
line1322:1328 369 1344 430
line1323:1144 602 1206 600
line1324:1328 117 1367 117
line1325:702 453 703 392
line1326:1024 284 1061 277
line1327:1360 101 1389 101
line1328:567 366 654 405
line1329:1328 360 1347 431
line1330:1477 969 1481 999
line1331:726 506 727 563
line1332:0 897 5 982
line1333:172 130 177 183
line1334:572 442 591 411
line1335:751 144 774 146
line1336:1344 188 1367 188
line1337:865 431 867 361
line1338:1384 700 1405 701
line1339:1177 113 1193 153
line1340:819 830 855 839
line1341:1338 756 1404 755
line1342:4 840 5 870
line1343:700 665 797 670
line1344:138 146 172 146
line1345:1008 670 1054 672
line1346:511 439 512 370
line1347:1449 819 1499 819
line1348:940 665 942 764
line1349:626 189 626 99
line1350:91 495 122 495
line1351:987 288 987 234
line1352:1220 765 1221 677
line1353:203 759 215 700
line1354:864 307 895 308
line1355:918 767 940 767
line1356:1132 115 1158 110
line1357:1399 650 1406 673
line1358:1228 150 1230 112
line1359:172 431 175 362
line1360:1044 292 1063 265
line1361:981 479 982 432
line1362:417 414 445 439
line1363:1145 766 1218 764
line1364:869 361 904 361
line1365:1353 138 1397 139
line1366:738 991 743 912
line1367:117 386 117 361
line1368:1449 376 1470 376
line1369:838 961 839 941
line1370:1384 686 1391 710
line1371:433 297 452 326
line1372:1049 144 1069 143
line1373:855 745 860 766
line1374:485 322 485 248
line1375:82 580 127 582
line1376:1329 695 1346 725
line1377:1129 124 1158 124
line1378:1297 100 1319 100
line1379:1145 366 1150 442
line1380:1331 355 1391 344
line1381:866 744 866 766
line1382:120 140 126 103
line1383:984 232 985 292
line1384:577 143 630 146
line1385:947 913 951 868
line1386:649 447 650 360
line1387:131 656 171 665
line1388:864 238 919 236
line1389:900 824 934 825
line1390:736 991 736 917
line1391:450 290 494 292
line1392:170 579 211 584
line1393:1395 650 1407 687
line1394:520 479 521 441
line1395:567 361 647 362
line1396:1288 491 1320 488
line1397:9 951 10 930
line1398:125 757 175 757
line1399:866 445 887 445
line1400:934 807 957 806
line1401:1292 557 1294 489
line1402:189 695 193 663
line1403:82 577 127 580
line1404:985 397 1005 360
line1405:1200 558 1205 514
line1406:1025 434 1062 434
line1407:1016 685 1023 665
line1408:1166 364 1222 366
line1409:485 154 491 107
line1410:991 288 1014 288
line1411:1328 723 1368 727
line1412:1328 352 1340 398
line1413:274 668 366 671
line1414:188 588 188 548
line1415:1288 590 1315 588
line1416:1119 190 1151 187
line1417:1445 863 1499 864
line1418:768 527 771 506
line1419:561 441 589 441
line1420:1081 795 1111 796
line1421:1328 373 1343 430
line1422:120 117 123 96
line1423:865 543 865 505
line1424:585 302 625 303
line1425:1088 190 1142 199
line1426:85 430 194 431
line1427:1023 234 1055 232
line1428:1048 130 1070 132
line1429:454 327 487 317
line1430:798 755 799 723
line1431:304 600 327 600
line1432:561 362 652 361
line1433:867 302 909 303
line1434:371 687 371 664
line1435:697 678 697 716
line1436:865 586 890 601
line1437:915 423 916 375
line1438:1447 866 1498 871
line1439:8 619 30 619
line1440:1387 727 1389 650
line1441:122 350 162 351
line1442:0 896 7 989
line1443:448 292 494 294
line1444:778 437 808 438
line1445:526 153 630 156
line1446:417 364 518 368
line1447:1129 152 1159 156
line1448:850 767 853 744
line1449:300 302 301 236
line1450:872 306 894 307
line1451:120 750 173 755
line1452:473 437 526 440
line1453:346 594 346 504
line1454:1312 282 1318 303
line1455:368 360 375 440
line1456:8 621 39 629
line1457:1391 99 1397 150
line1458:440 506 485 508
line1459:1371 150 1396 150
line1460:1129 133 1156 134
line1461:1151 598 1151 561
line1462:584 446 584 377
line1463:457 107 493 108
line1464:1154 237 1198 233
line1465:1082 793 1111 793
line1466:582 155 583 113
line1467:1353 137 1399 137
line1468:628 535 628 509
line1469:1352 129 1399 129
line1470:1220 157 1231 127
line1471:1289 537 1299 591
line1472:99 999 100 966
line1473:275 716 275 667
line1474:277 384 277 429
line1475:441 234 462 232
line1476:1482 993 1482 961
line1477:302 444 375 445
line1478:1350 284 1447 284
line1479:524 478 527 432
line1480:1483 965 1491 999
line1481:952 792 1008 792
line1482:287 671 321 664
line1483:693 451 695 475
line1484:63 991 63 960
line1485:1016 245 1059 245
line1486:721 109 775 108
line1487:1297 102 1319 102
line1488:986 431 986 360
line1489:591 298 628 295
line1490:8 697 9 675
line1491:281 765 304 767
line1492:1472 968 1472 998
line1493:512 694 512 665
line1494:707 763 786 765
line1495:208 185 230 184
line1496:1440 268 1442 236
line1497:1019 687 1055 665
line1498:1297 105 1335 107
line1499:1057 275 1057 246
line1500:770 97 772 149
line1501:492 363 518 378
line1502:128 753 167 756
line1503:123 662 126 698
line1504:168 106 191 108
line1505:336 117 358 117
line1506:1467 871 1475 848
line1507:864 565 870 537
line1508:1093 186 1148 184
line1509:1193 807 1263 805
line1510:590 711 591 666
line1511:1027 282 1055 282
line1512:1016 150 1027 111
line1513:904 763 940 762
line1514:912 240 912 296
line1515:560 702 564 666
line1516:974 479 979 428
line1517:1377 972 1379 992
line1518:914 295 918 264
line1519:362 199 421 199
line1520:560 763 612 765
line1521:371 360 374 383
line1522:1432 983 1435 928
line1523:442 599 480 599
line1524:725 268 725 240
line1525:1100 198 1126 197
line1526:81 588 164 590
line1527:846 685 847 721
line1528:449 110 494 114
line1529:515 713 515 751
line1530:168 669 215 680
line1531:947 950 949 992
line1532:904 96 919 116
line1533:586 232 626 233
line1534:1049 135 1071 136
line1535:913 447 913 400
line1536:1140 104 1167 106
line1537:752 670 795 672
line1538:1017 683 1053 687
line1539:870 147 916 145
line1540:113 684 144 656
line1541:912 151 917 96
line1542:829 920 830 893
line1543:1451 821 1499 821
line1544:351 360 372 361
line1545:1445 940 1447 906
line1546:298 599 303 548
line1547:15 951 15 928
line1548:906 832 935 831
line1549:273 391 274 363
line1550:210 589 213 494
line1551:1434 983 1438 928
line1552:584 708 585 767
line1553:1129 143 1156 144
line1554:1455 375 1475 372
line1555:1454 829 1455 798
line1556:868 308 893 310
line1557:1329 676 1335 733
line1558:872 507 919 510
line1559:360 300 367 242
line1560:101 360 101 386
line1561:1183 509 1206 524
line1562:1216 667 1218 763
line1563:592 186 629 185
line1564:1129 670 1221 671
line1565:725 599 769 598
line1566:126 657 127 681
line1567:1337 430 1384 428
line1568:303 547 303 508
line1569:1296 114 1297 150
line1570:447 159 453 107
line1571:1051 139 1071 138
line1572:809 804 843 800
line1573:560 758 565 700
line1574:906 765 940 764
line1575:882 363 909 363
line1576:906 759 940 759
line1577:585 360 587 428
line1578:1345 190 1365 191
line1579:767 363 770 427
line1580:416 360 417 439
line1581:1145 421 1154 361
line1582:207 488 215 586
line1583:696 360 760 363
line1584:440 508 443 583
line1585:1320 799 1413 795
line1586:866 598 886 596
line1587:1088 198 1150 189
line1588:812 948 813 889
line1589:738 942 742 921
line1590:1491 848 1492 868
line1591:1352 287 1447 287
line1592:1289 529 1300 588
line1593:721 998 751 967
line1594:442 323 487 322
line1595:1402 717 1407 740
line1596:584 571 584 524
line1597:423 363 509 364
line1598:481 571 482 598
line1599:871 591 892 603
line1600:98 176 142 176
line1601:1131 671 1165 671
line1602:1016 681 1055 686
line1603:1213 362 1222 437
line1604:769 236 772 294
line1605:1312 292 1319 316
line1606:194 183 215 181
line1607:416 435 473 434
line1608:366 195 406 195
line1609:504 196 533 193
line1610:56 971 73 946
line1611:723 261 723 236
line1612:195 658 215 659
line1613:584 602 622 603
line1614:793 701 797 665
line1615:869 303 894 304
line1616:57 967 102 953
line1617:7 896 7 934
line1618:125 752 175 752
line1619:814 801 817 839
line1620:121 146 128 103
line1621:577 518 608 504
line1622:770 506 775 593
line1623:628 369 629 412
line1624:1297 99 1318 99
line1625:1088 196 1141 189
line1626:1097 432 1100 478
line1627:188 492 191 559
line1628:744 157 766 157
line1629:416 695 440 665
line1630:1457 315 1457 342
line1631:93 431 215 423
line1632:721 506 727 592
line1633:1328 375 1339 424
line1634:704 765 729 765
line1635:1370 130 1399 130
line1636:318 360 346 365
line1637:336 116 359 115
line1638:405 474 423 394
line1639:1129 127 1158 127
line1640:1458 342 1458 312
line1641:1397 650 1407 680
line1642:2 622 39 631
line1643:1008 677 1054 683
line1644:1454 799 1456 761
line1645:442 321 451 288
line1646:10 865 13 901
line1647:1141 764 1221 763
line1648:1211 97 1227 146
line1649:1418 312 1470 322
line1650:723 289 769 289
line1651:577 100 630 103
line1652:350 127 351 155
line1653:345 663 375 664
line1654:1217 104 1230 145
line1655:1055 272 1055 292
line1656:360 267 361 232
line1657:570 447 597 441
line1658:1328 119 1367 119
line1659:1194 505 1206 557
line1660:870 363 903 365
line1661:1134 760 1186 760
line1662:1290 492 1326 488
line1663:335 151 354 91
line1664:620 158 624 116
line1665:683 475 703 436
line1666:210 750 212 656
line1667:1291 584 1319 584
line1668:1328 114 1367 114
line1669:1330 112 1399 110
line1670:864 505 917 507
line1671:1020 159 1025 111
line1672:577 149 635 162
line1673:1328 365 1336 395
line1674:475 665 517 665
line1675:1352 757 1404 757
line1676:171 701 215 681
line1677:653 439 654 360
line1678:121 99 183 99
line1679:865 703 865 670
line1680:1376 959 1383 991
line1681:592 109 622 109
line1682:419 767 423 728
line1683:884 504 917 504
line1684:444 557 444 591
line1685:299 386 299 361
line1686:171 678 214 672
line1687:161 356 215 356
line1688:445 326 487 324
line1689:1223 110 1230 136
line1690:629 303 631 242
line1691:1026 119 1070 119
line1692:120 759 168 759
line1693:440 271 447 325
line1694:814 432 815 457
line1695:26 639 30 618
line1696:1443 269 1443 239
line1697:1352 128 1399 128
line1698:1377 968 1383 999
line1699:784 472 814 472
line1700:1445 910 1447 862
line1701:1353 143 1375 143
line1702:160 359 215 359
line1703:1198 287 1198 234
line1704:1444 1002 1446 977
line1705:113 582 115 536
line1706:704 668 726 668
line1707:1404 766 1407 741
line1708:366 303 367 273
line1709:299 236 350 236
line1710:1025 239 1025 285
line1711:473 150 495 148
line1712:1297 112 1387 100
line1713:240 193 263 194
line1714:82 343 83 410
line1715:723 151 724 96
line1716:112 564 116 505
line1717:80 489 81 527
line1718:86 427 86 407
line1719:872 829 951 833
line1720:1448 228 1470 228
line1721:1328 751 1337 713
line1722:481 562 483 590
line1723:1345 187 1367 184
line1724:240 196 261 199
line1725:1383 658 1391 679
line1726:593 188 627 189
line1727:1012 668 1051 669
line1728:1164 113 1189 113
line1729:868 233 917 234
line1730:211 742 215 705
line1731:1024 266 1048 294
line1732:1213 157 1231 134
line1733:789 761 795 739
line1734:441 598 483 597
line1735:585 381 649 387
line1736:1416 936 1447 942
line1737:119 736 123 656
line1738:1090 795 1111 795
line1739:400 474 422 391
line1740:344 156 414 156
line1741:721 145 762 147
line1742:721 232 775 234
line1743:1144 295 1199 296
line1744:124 663 163 658
line1745:1184 664 1218 664
line1746:1462 342 1462 312
line1747:209 187 271 187
line1748:274 664 375 669
line1749:184 400 195 427
line1750:370 363 375 409
line1751:444 293 494 296
line1752:1129 126 1159 126
line1753:810 812 822 834
line1754:1129 111 1205 110
line1755:720 552 720 523
line1756:1438 965 1441 902
line1757:696 367 775 367
line1758:768 151 768 97
line1759:1090 801 1262 807
line1760:0 975 0 912
line1761:1443 862 1492 852
line1762:417 690 433 665
line1763:1484 962 1495 996
line1764:112 524 115 488
line1765:1384 674 1406 674
line1766:302 273 306 302
line1767:1024 107 1062 106
line1768:419 437 423 397
line1769:169 142 191 142
line1770:562 703 564 767
line1771:1361 726 1407 713
line1772:583 666 584 704
line1773:917 237 918 263
line1774:458 327 487 326
line1775:772 111 773 151
line1776:723 506 769 506
line1777:4 758 6 722
line1778:806 433 812 478
line1779:420 439 423 406
line1780:1320 793 1375 794
line1781:184 393 201 430
line1782:297 510 349 511
line1783:744 912 746 990
line1784:706 669 751 671
line1785:168 581 211 586
line1786:1129 108 1161 108
line1787:512 410 514 438
line1788:1008 679 1054 682
line1789:581 109 627 104
line1790:441 287 494 291
line1791:626 598 627 555
line1792:1448 229 1476 220
line1793:0 617 31 616
line1794:880 606 915 603
line1795:1355 392 1391 396
line1796:171 711 200 659
line1797:484 574 485 598
line1798:790 667 799 718
line1799:1331 391 1341 427
line1800:215 699 215 657
line1801:1024 111 1071 109
line1802:991 427 991 365
line1803:287 151 287 112
line1804:296 256 299 297
line1805:1448 775 1499 772
line1806:81 415 158 430
line1807:1184 104 1191 124
line1808:838 997 838 921
line1809:1130 761 1130 725
line1810:487 251 488 303
line1811:1381 995 1383 956
line1812:868 599 869 538
line1813:814 935 814 888
line1814:748 913 751 958
line1815:1457 865 1494 868
line1816:1306 312 1333 312
line1817:696 368 696 417
line1818:120 344 146 344
line1819:484 546 486 587
line1820:590 517 617 505
line1821:421 159 463 158
line1822:1470 314 1470 334
line1823:1288 576 1311 591
line1824:1328 720 1407 729
line1825:1484 848 1485 869
line1826:307 508 351 504
line1827:625 762 655 763
line1828:817 802 817 832
line1829:1432 979 1434 938
line1830:1314 282 1381 282
line1831:418 701 422 734
line1832:1018 686 1045 687
line1833:552 432 590 432
line1834:358 765 375 744
line1835:82 571 113 572
line1836:762 232 775 273
line1837:1150 512 1198 504
line1838:513 155 581 155
line1839:1022 670 1054 671
line1840:738 935 742 913
line1841:988 431 988 365
line1842:700 667 705 755
line1843:1174 156 1210 99
line1844:342 362 374 363
line1845:1459 382 1495 354
line1846:307 104 353 109
line1847:184 336 188 415
line1848:301 296 355 303
line1849:594 381 597 361
line1850:479 289 480 246
line1851:171 560 171 496
line1852:865 159 866 104
line1853:1027 289 1028 247
line1854:1193 271 1193 240
line1855:1310 591 1313 570
line1856:307 232 360 232
line1857:1441 841 1452 871
line1858:1400 648 1407 672
line1859:428 667 459 667
line1860:1358 759 1390 759
line1861:72 338 103 367
line1862:561 442 595 443
line1863:578 151 630 150
line1864:216 185 243 184
line1865:984 368 1012 360
line1866:819 834 861 839
line1867:864 311 868 284
line1868:81 372 121 359
line1869:624 666 655 666
line1870:167 430 170 389
line1871:440 319 483 321
line1872:1360 764 1407 763
line1873:1132 134 1156 136
line1874:701 364 703 435
line1875:1189 109 1194 153
line1876:879 97 915 96
line1877:944 907 946 838
line1878:1174 298 1194 303
line1879:1330 118 1359 118
line1880:416 727 420 681
line1881:589 444 591 415
line1882:1090 198 1136 195
line1883:1129 131 1156 131
line1884:1329 661 1383 660
line1885:441 509 475 508
line1886:868 447 903 446
line1887:285 151 285 104
line1888:866 442 887 440
line1889:1217 439 1220 368
line1890:870 599 919 600
line1891:488 754 510 758
line1892:4 826 7 868
line1893:1474 968 1475 996
line1894:439 303 441 235
line1895:1194 504 1206 527
line1896:1008 233 1030 241
line1897:373 360 375 416
line1898:409 477 415 424
line1899:211 580 212 556
line1900:624 302 625 232
line1901:190 336 191 377
line1902:1128 147 1180 153
line1903:874 824 932 828
line1904:976 440 989 420
line1905:1331 395 1337 421
line1906:432 288 487 291
line1907:88 188 118 189
line1908:1468 865 1497 865
line1909:347 361 374 377
line1910:774 244 775 265
line1911:404 462 420 401
line1912:568 762 605 762
line1913:85 341 87 390
line1914:1472 362 1495 362
line1915:161 587 215 590
line1916:721 236 772 238
line1917:1314 285 1323 316
line1918:585 300 586 233
line1919:809 805 823 833
line1920:64 949 96 954
line1921:710 762 743 760
line1922:889 101 919 105
line1923:792 699 796 668
line1924:1180 509 1201 528
line1925:1396 799 1453 793
line1926:163 584 203 586
line1927:6 618 39 627
line1928:1047 292 1063 253
line1929:1186 105 1223 105
line1930:1206 575 1207 534
line1931:1385 677 1407 677
line1932:1194 109 1222 109
line1933:504 193 567 195
line1934:989 426 990 360
line1935:811 459 811 432
line1936:297 519 332 504
line1937:585 377 587 440
line1938:1386 705 1407 707
line1939:184 413 185 360
line1940:5 996 11 932
line1941:917 575 917 506
line1942:577 103 618 106
line1943:1369 138 1396 138
line1944:986 236 1062 240
line1945:129 663 171 663
line1946:871 290 871 310
line1947:1129 128 1152 129
line1948:460 478 492 479
line1949:299 283 300 238
line1950:770 431 812 436
line1951:457 191 509 190
line1952:15 830 15 784
line1953:122 753 173 758
line1954:538 198 569 197
line1955:1360 96 1389 96
line1956:726 103 727 149
line1957:1315 547 1321 489
line1958:1440 977 1441 1002
line1959:1288 489 1291 591
line1960:1151 258 1164 235
line1961:89 355 123 355
line1962:864 594 887 594
line1963:1100 434 1101 479
line1964:170 419 213 422
line1965:3 897 3 923
line1966:1478 851 1499 852
line1967:112 732 132 758
line1968:1389 726 1391 689
line1969:272 385 272 360
line1970:1450 357 1455 312
line1971:96 991 96 952
line1972:916 271 917 239
line1973:723 142 723 103
line1974:336 115 358 116
line1975:1448 237 1474 208
line1976:482 150 482 112
line1977:939 714 940 751
line1978:442 325 444 289
line1979:208 400 210 431
line1980:1310 314 1333 319
line1981:1015 293 1056 272
line1982:1148 293 1180 302
line1983:345 557 345 505
line1984:442 262 443 237
line1985:698 363 760 364
line1986:592 666 645 667
line1987:904 762 939 763
line1988:1448 236 1478 221
line1989:87 530 88 489
line1990:1042 117 1070 118
line1991:488 755 510 759
line1992:1330 352 1368 346
line1993:842 749 844 724
line1994:1220 667 1220 700
line1995:416 715 432 668
line1996:488 111 490 154
