line0:632 195 707 195
line1:641 47 703 46
line2:787 52 863 52
line3:643 51 711 51
line4:49 55 118 55
line5:493 49 561 49
line6:490 56 557 57
line7:640 56 709 58
line8:497 196 559 196
line9:198 59 263 59
line10:492 101 566 101
line11:640 53 709 52
line12:640 50 711 49
line13:345 58 406 59
line14:788 96 863 96
line15:347 48 406 51
line16:193 93 263 94
line17:488 99 566 97
line18:345 102 415 102
line19:344 51 412 48
line20:200 54 267 54
line21:344 54 415 53
line22:641 61 709 61
line23:40 95 111 95
line24:489 60 557 58
line25:791 51 863 49
line26:344 194 414 195
line27:833 88 855 89
line28:88 42 111 43
line29:192 195 262 196
line30:833 97 862 97
line31:347 61 406 63
line32:489 61 566 64
line33:705 53 708 206
line34:193 62 262 63
line35:784 49 854 45
line36:641 42 703 40
line37:793 194 863 198
line38:107 195 107 41
line39:109 40 111 198
line40:108 199 108 40
line41:491 53 564 54
line42:536 93 558 93
line43:192 61 263 62
line44:40 103 111 101
line45:50 195 110 196
line46:496 205 496 41
line47:344 97 414 97
line48:195 57 260 60
line49:192 102 268 98
line50:48 44 111 44
line51:207 48 269 51
line52:498 194 550 195
line53:193 92 263 91
line54:49 60 115 62
line55:489 68 518 68
line56:640 41 644 127
line57:225 103 270 100
line58:790 42 798 207
line59:784 51 817 50
line60:195 206 200 49
line61:346 198 346 53
line62:556 206 559 43
line63:489 64 519 65
line64:345 55 406 57
line65:489 66 516 66
line66:489 70 519 71
line67:192 98 262 95
line68:632 197 655 197
line69:488 67 515 67
line70:792 46 800 196
line71:854 204 858 100
line72:259 122 263 207
line73:192 90 262 90
line74:643 49 687 50
line75:488 50 562 51
line76:497 203 563 203
line77:408 207 408 52
line78:49 53 119 52
line79:834 93 855 94
line80:57 56 119 60
line81:192 88 214 88
line82:706 207 711 54
line83:640 60 700 53
line84:49 48 115 48
line85:51 41 52 119
line86:202 49 268 48
line87:633 199 655 199
line88:673 94 704 97
line89:193 104 267 99
line90:853 40 856 111
line91:794 196 863 194
line92:349 195 415 196
line93:344 196 372 196
line94:640 58 647 196
line95:193 101 271 97
line96:497 200 567 200
line97:707 48 712 173
line98:193 58 271 55
line99:48 54 50 197
line100:48 196 106 197
line101:49 57 111 64
line102:685 196 719 196
line103:498 206 501 42
line104:789 42 855 40
line105:491 57 525 61
line106:105 199 105 41
line107:347 192 347 168
line108:42 88 111 91
line109:640 85 677 88
line110:110 199 112 50
line111:489 145 511 143
line112:53 62 104 64
line113:40 94 111 92
line114:642 43 699 43
line115:49 59 93 57
line116:241 195 263 195
line117:641 45 703 45
line118:537 90 559 91
line119:503 207 503 40
line120:49 63 69 63
line121:194 100 258 96
line122:193 94 199 205
line123:347 49 350 134
line124:786 46 822 46
line125:407 173 407 136
line126:660 53 710 55
line127:196 66 201 207
line128:488 42 511 42
line129:786 63 847 47
line130:785 102 807 102
line131:644 196 644 173
line132:640 96 675 98
line133:202 53 265 50
line134:50 52 85 51
line135:492 107 493 41
line136:791 40 799 195
line137:501 198 558 198
line138:240 89 262 88
line139:489 57 558 59
line140:400 171 400 140
line141:106 198 106 40
line142:415 202 415 145
line143:644 65 709 60
line144:857 142 860 175
line145:489 58 558 62
line146:650 196 719 198
line147:50 51 119 57
line148:784 57 854 47
line149:536 88 557 89
line150:642 198 644 150
line151:52 45 116 54
line152:42 90 119 87
line153:641 100 678 102
line154:406 103 407 43
line155:195 95 263 93
line156:349 197 349 169
line157:852 205 854 162
line158:351 135 351 52
line159:784 69 804 64
line160:489 40 491 107
line161:556 45 557 110
line162:404 137 405 174
line163:499 205 502 43
line164:89 49 116 50
line165:497 207 497 44
line166:488 74 493 173
line167:404 101 405 43
line168:853 91 854 111
line169:644 130 650 41
line170:696 202 716 202
line171:412 207 412 146
line172:554 111 558 40
line173:552 111 552 41
line174:793 40 801 183
line175:192 207 192 94
line176:402 100 402 40
line177:850 111 851 88
line178:347 100 347 134
line179:500 202 567 201
line180:259 206 259 150
line181:41 93 111 90
line182:53 118 53 40
line183:409 99 409 50
line184:409 205 410 144
line185:536 92 556 92
line186:227 196 261 192
line187:707 54 710 206
line188:643 40 687 40
line189:786 110 806 107
line190:644 108 646 41
line191:704 53 707 204
line192:500 206 564 206
line193:256 41 259 116
line194:698 193 718 194
line195:532 192 558 193
line196:495 175 495 41
line197:403 174 403 137
line198:500 199 554 199
line199:789 50 842 47
line200:349 62 369 63
line201:494 172 494 41
line202:790 100 797 206
line203:197 56 202 207
line204:499 193 558 195
line205:640 154 641 196
line206:696 205 716 205
line207:384 51 415 52
line208:520 202 547 202
line209:259 143 268 182
line210:798 40 800 151
line211:554 107 555 48
line212:350 193 350 169
line213:640 108 685 96
line214:490 106 492 40
line215:199 56 202 128
line216:256 207 257 153
line217:203 70 204 48
line218:710 50 712 163
line219:104 198 104 41
line220:194 207 194 128
line221:193 206 193 65
line222:411 201 411 144
line223:262 204 263 157
line224:350 55 401 55
line225:256 66 256 102
line226:537 95 566 96
line227:848 203 848 167
line228:644 60 705 60
line229:53 194 53 168
line230:831 55 856 48
line231:414 206 414 146
line232:405 103 406 41
line233:242 103 269 101
line234:208 53 271 52
line235:401 174 401 136
line236:502 205 502 82
line237:493 161 493 54
line238:835 103 863 103
line239:349 52 350 127
line240:786 105 806 106
line241:784 44 822 44
line242:49 42 50 118
line243:42 99 111 98
line244:488 53 548 56
line245:384 46 404 46
line246:344 193 344 173
line247:499 195 522 195
line248:348 52 391 52
line249:792 170 795 206
line250:55 118 55 41
line251:260 202 260 160
line252:264 155 265 179
line253:850 165 851 205
line254:97 190 119 188
line255:196 89 220 89
line256:704 174 707 90
line257:499 51 554 55
line258:857 150 861 196
line259:50 58 103 56
line260:501 204 566 204
line261:205 55 260 58
line262:88 100 111 96
line263:648 111 650 54
line264:646 155 648 196
line265:642 46 700 47
line266:498 172 498 41
line267:535 197 559 197
line268:697 204 719 203
line269:413 206 413 145
line270:258 69 258 40
line271:348 50 401 56
line272:704 122 704 94
line273:345 135 345 49
line274:48 171 49 193
line275:207 207 207 94
line276:832 102 861 102
line277:201 51 264 50
line278:637 196 643 159
line279:499 61 554 60
line280:50 42 71 42
line281:231 98 268 96
line282:642 48 666 49
line283:50 47 111 54
line284:640 106 682 96
line285:40 89 44 119
line286:194 96 223 92
line287:370 62 403 58
line288:345 169 345 189
line289:647 56 716 64
line290:196 194 200 112
line291:40 98 70 97
line292:785 48 786 70
line293:348 57 405 64
line294:642 194 642 152
line295:488 45 510 45
line296:488 102 492 175
line297:401 66 401 101
line298:411 101 411 64
line299:522 205 565 205
line300:63 59 113 61
line301:344 134 344 49
line302:854 99 855 43
line303:643 54 646 118
line304:713 207 713 152
line305:521 192 559 194
line306:89 41 110 41
line307:116 87 116 51
line308:112 190 113 148
line309:641 44 700 44
line310:48 46 111 45
line311:789 57 836 53
line312:349 98 350 48
line313:678 101 700 96
line314:800 97 800 119
line315:50 40 111 40
line316:698 207 718 207
line317:792 152 796 207
line318:632 192 647 154
line319:45 102 70 101
