line0:368 711 1499 713
line1:0 10 1499 11
line2:0 631 795 627
line3:9 679 767 683
line4:848 620 1499 631
line5:1481 64 1481 967
line6:936 243 1007 244
line7:936 1021 1499 1035
line8:368 771 407 776
line9:936 475 1007 476
line10:936 199 1007 201
line11:1080 195 1151 195
line12:72 196 191 192
line13:0 212 31 211
line14:792 480 855 473
line15:640 244 702 243
line16:553 836 647 836
line17:704 835 791 836
line18:256 828 351 825
line19:408 839 502 835
line20:848 835 951 835
line21:937 970 1495 967
line22:489 202 559 199
line23:0 208 0 679
line24:1088 242 1151 241
line25:784 201 855 202
line26:1376 776 1376 927
line27:648 347 711 346
line28:72 472 72 631
line29:488 346 559 346
line30:344 199 406 198
line31:368 780 368 983
line32:936 345 1007 345
line33:64 752 64 1039
line34:784 242 855 244
line35:1304 472 1304 629
line36:336 243 407 244
line37:848 784 848 919
line38:1399 184 1399 343
line39:1368 240 1368 342
line40:641 472 641 630
line41:496 479 559 479
line42:1145 768 1145 919
line43:64 1034 215 1035
line44:1416 784 1416 919
line45:72 339 190 339
line46:344 340 407 339
line47:936 771 1149 771
line48:944 918 1148 916
line49:1370 472 1370 631
line50:184 193 184 343
line51:336 192 336 343
line52:0 761 0 983
line53:144 475 191 474
line54:344 472 407 472
line55:72 193 72 343
line56:1336 472 1336 631
line57:23 208 23 415
line58:784 192 784 351
line59:117 681 117 710
line60:1376 340 1439 335
line61:1144 192 1144 351
line62:1304 184 1304 343
line63:641 912 711 921
line64:144 472 144 631
line65:1344 784 1344 975
line66:784 480 784 615
line67:112 193 112 343
line68:0 708 311 707
line69:703 792 703 927
line70:848 474 848 631
line71:936 769 936 915
line72:400 472 400 639
line73:640 203 702 204
line74:768 774 847 774
line75:488 244 559 244
line76:788 912 854 916
line77:144 184 144 343
line78:1416 472 1416 629
line79:1336 924 1423 920
line80:934 193 934 349
line81:488 201 488 351
line82:488 520 488 631
line83:640 784 640 919
line84:552 784 552 839
line85:1000 200 1000 351
line86:648 774 703 776
line87:975 472 975 631
line88:321 808 321 845
line89:208 752 208 1044
line90:552 520 552 629
line91:695 192 695 351
line92:182 472 182 631
line93:400 192 400 343
line94:489 777 489 918
line95:697 472 697 630
line96:504 779 559 785
line97:1144 472 1144 630
line98:936 472 936 631
line99:1082 192 1082 351
line100:337 472 337 631
line101:106 474 106 639
line102:641 200 641 351
line103:544 192 544 351
line104:847 192 847 351
line105:1144 841 1310 837
line106:1464 808 1499 810
line107:1304 197 1421 198
line108:1088 344 1151 346
line109:1304 776 1304 839
line110:0 979 71 979
line111:1084 473 1084 534
line112:498 682 499 715
line113:1306 477 1350 476
line114:1089 474 1151 475
line115:1378 775 1415 775
line116:640 480 703 475
line117:272 913 272 967
line118:763 677 769 712
line119:772 761 772 919
line120:1304 339 1349 338
line121:498 812 559 813
line122:0 613 39 645
line123:72 482 119 479
line124:1304 781 1350 780
line125:75 681 75 711
line126:937 528 1007 534
line127:368 746 414 804
line128:936 968 936 1015
line129:1109 529 1109 629
line130:209 845 231 855
line131:368 712 368 773
line132:1378 474 1423 474
line133:272 961 303 960
line134:89 636 127 588
line135:7 355 29 355
line136:488 531 558 523
line137:249 633 249 685
line138:1081 518 1118 548
line139:145 243 188 235
line140:1347 238 1421 241
line141:793 351 854 341
line142:672 200 699 221
line143:73 237 116 238
line144:340 493 363 465
line145:1385 764 1422 793
line146:309 709 311 674
line147:192 1035 211 1013
line148:1080 531 1118 529
line149:390 244 404 218
line150:994 1008 994 1038
line151:149 681 150 705
line152:549 680 550 716
line153:257 839 257 814
line154:1376 898 1397 926
line155:1478 833 1499 834
