line0:632 196 719 200
line1:640 50 716 51
line2:784 53 863 47
line3:48 52 119 52
line4:488 57 566 57
line5:497 198 567 198
line6:192 55 271 54
line7:488 97 566 93
line8:344 55 415 54
line9:785 102 863 96
line10:192 94 271 95
line11:344 100 415 100
line12:40 96 119 94
line13:344 194 415 195
line14:192 195 263 194
line15:704 48 704 207
line16:793 194 863 196
line17:104 40 104 199
line18:48 195 119 192
line19:488 40 488 207
line20:632 41 632 198
line21:785 40 785 207
line22:192 48 192 207
line23:344 48 344 198
line24:552 40 552 206
line25:848 40 848 205
line26:256 40 256 207
line27:400 40 400 207
line28:40 40 40 197
line29:640 98 704 95
line30:489 145 511 143
