line0:64 74 575 74
line1:97 128 97 639
line2:41 51 599 51
line3:40 19 607 19
line4:64 731 583 731
line5:320 168 320 695
line6:72 677 575 677
line7:544 128 544 701
line8:64 693 583 693
line9:504 168 504 703
line10:137 168 137 694
line11:104 130 559 130
line12:144 170 511 170
line13:144 286 326 286
line14:104 504 324 504
line15:128 600 303 600
line16:147 391 326 391
line17:160 421 324 421
line18:137 524 324 524
line19:137 539 302 539
line20:100 694 100 674
line21:160 311 327 311
line22:160 251 327 251
line23:160 467 324 467
line24:160 266 326 266
line25:160 448 324 448
line26:64 680 64 735
line27:41 17 41 63
line28:161 482 303 482
line29:575 688 575 735
line30:592 16 592 63
line31:294 417 294 542
line32:161 384 161 542
line33:297 252 297 315
line34:296 585 296 619
