line0:357 430 357 96
line1:218 529 331 528
line2:353 543 353 96
line3:373 439 373 104
line4:370 439 370 105
line5:66 551 69 351
line6:71 550 71 256
line7:64 549 343 549
line8:359 543 359 97
line9:369 327 369 200
line10:374 542 374 424
line11:65 544 343 544
line12:355 430 355 97
line13:67 531 373 531
line14:176 546 343 546
line15:358 543 358 425
line16:67 535 375 535
line17:144 533 375 533
line18:356 543 356 424
line19:64 393 75 165
line20:67 530 183 530
line21:64 545 182 545
line22:78 262 78 112
line23:67 414 68 317
line24:182 72 311 83
line25:368 424 370 543
line26:137 83 183 81
line27:371 486 371 425
line28:114 89 183 83
line29:72 210 77 112
line30:64 547 182 547
line31:176 74 279 72
line32:64 327 66 258
line33:138 81 279 76
line34:70 551 182 551
line35:97 96 143 94
line36:68 529 181 528
line37:201 528 370 530
line38:248 76 279 75
line39:72 152 73 113
line40:372 482 372 426
line41:264 73 374 107
line42:74 115 141 82
line43:272 83 333 88
line44:69 350 69 312
line45:369 425 370 486
line46:249 78 278 79
line47:75 115 176 72
line48:352 398 352 353
line49:67 443 70 546
line50:67 316 69 256
line51:244 76 374 110
line52:72 113 73 148
line53:80 107 203 74
line54:274 534 372 534
line55:375 231 375 201
line56:272 85 333 91
line57:336 543 373 543
line58:68 380 68 408
line59:272 532 372 532
line60:305 91 358 98
line61:336 541 373 541
line62:80 109 218 72
line63:70 327 70 279
line64:73 222 73 260
line65:75 261 75 116
line66:273 81 306 83
line67:96 99 206 72
line68:337 538 375 537
line69:251 73 375 108
line70:72 120 155 83
line71:328 101 366 106
line72:66 313 68 377
line73:71 199 73 149
line74:178 76 220 79
line75:81 105 196 75
line76:177 73 221 77
line77:72 241 72 262
line78:68 466 70 509
line79:65 498 68 550
line80:64 374 64 353
line81:374 327 374 200
