line0:136 723 615 723
line1:9 147 735 147
line2:80 212 735 212
line3:81 243 652 243
line4:161 531 359 531
line5:168 330 679 330
line6:624 209 624 655
line7:72 200 72 639
line8:160 293 583 293
line9:624 728 624 783
line10:401 645 582 645
line11:168 829 591 829
line12:625 481 676 481
line13:401 627 583 627
line14:104 213 104 631
line15:40 729 111 729
line16:548 240 548 716
line17:168 699 359 699
line18:671 136 671 165
line19:40 633 78 633
line20:551 528 551 721
line21:148 289 148 829
line22:40 128 40 183
line23:48 626 48 734
line24:695 648 695 743
line25:550 768 550 839
line26:39 200 39 303
line27:393 488 599 488
line28:559 136 559 175
line29:625 620 679 620
line30:104 720 104 783
line31:576 136 576 165
line32:196 486 358 486
line33:391 329 391 495
line34:609 241 609 383
line35:333 520 333 703
line36:611 164 611 137
line37:8 208 47 208
line38:352 328 352 487
line39:623 136 623 165
line40:594 167 594 136
line41:393 520 393 734
line42:392 532 599 532
line43:728 152 728 213
line44:8 147 8 215
line45:542 136 542 175
line46:145 162 145 215
line47:449 531 470 531
line48:336 521 336 607
line49:342 702 342 640
line50:694 167 694 138
line51:669 651 711 651
line52:389 130 389 151
line53:73 535 112 535
line54:32 290 70 290
line55:554 703 574 703
line56:545 311 582 311
