line0:422 264 422 823
line1:505 176 505 823
line2:199 264 199 823
line3:248 264 248 815
line4:305 264 305 823
line5:88 264 88 823
line6:92 176 92 207
line7:231 141 231 89
line8:0 130 127 130
line9:443 144 443 175
line10:328 264 328 495
line11:198 112 198 143
line12:423 113 423 143
line13:16 814 567 814
line14:192 59 215 59
line15:32 267 535 267
line16:32 296 511 296
line17:88 339 477 339
line18:33 264 33 375
line19:144 67 198 67
line20:537 280 537 383
line21:505 219 592 219
line22:32 352 62 352
line23:39 176 39 223
line24:504 357 543 357
line25:433 71 433 48
line26:90 515 255 515
line27:33 272 54 272
line28:248 127 248 105
line29:312 522 461 522
line30:329 491 456 491
line31:449 48 449 85
line32:90 491 255 491
line33:336 20 359 20
line34:26 845 26 810
line35:564 153 564 181
line36:144 69 165 69
line37:228 130 253 130
line38:535 276 535 296
