line0:63 730 63 16
line1:59 730 59 16
line2:61 730 61 17
line3:101 94 101 41
line4:295 687 295 617
line5:60 727 60 18
line6:307 602 307 160
line7:103 599 103 162
line8:311 607 311 160
line9:341 622 345 384
line10:309 730 309 161
line11:340 730 340 305
line12:58 724 58 17
line13:337 726 337 368
line14:100 730 100 160
line15:305 730 305 160
line16:192 162 220 710
line17:99 730 99 161
line18:289 686 289 616
line19:193 160 222 710
line20:292 590 292 160
line21:183 40 186 93
line22:113 590 119 282
line23:337 177 351 455
line24:210 452 215 393
line25:294 590 294 232
line26:64 15 350 15
line27:340 40 343 151
line28:64 9 350 9
line29:62 94 349 94
line30:42 78 367 78
line31:338 93 338 41
line32:65 13 351 13
line33:65 8 351 8
line34:97 164 310 164
line35:40 59 367 59
line36:101 599 101 162
line37:40 47 366 47
line38:116 590 119 370
line39:40 63 365 63
line40:40 75 367 75
line41:40 43 367 43
line42:41 57 366 57
line43:56 88 238 88
line44:40 58 366 58
line45:40 73 367 73
line46:40 41 367 41
line47:50 550 198 548
line48:104 40 365 40
line49:327 495 327 200
line50:67 11 351 11
line51:50 704 102 706
line52:57 92 350 92
line53:142 549 282 551
line54:349 405 351 304
line55:325 494 325 200
line56:324 495 324 201
line57:96 190 295 190
line58:72 587 310 587
line59:323 493 323 203
line60:338 487 338 224
line61:104 45 367 45
line62:57 564 343 564
line63:347 727 347 672
line64:145 710 271 708
line65:48 544 342 544
line66:56 561 343 561
line67:297 93 351 93
line68:96 160 310 160
line69:346 727 346 672
line70:102 188 295 188
line71:96 184 295 184
line72:73 585 310 585
line73:62 566 343 566
line74:96 729 230 675
line75:342 727 344 617
line76:62 641 125 656
line77:97 165 308 165
line78:96 166 308 166
line79:339 730 339 704
line80:113 308 295 311
line81:369 720 407 720
line82:40 42 150 42
line83:72 590 308 590
line84:339 250 347 418
line85:190 176 210 549
line86:9 713 103 712
line87:295 551 295 233
line88:124 287 124 176
line89:188 89 303 89
line90:113 550 113 281
line91:0 723 142 723
line92:336 727 398 727
line93:96 189 295 189
line94:0 721 102 711
line95:0 725 143 725
line96:339 203 345 328
line97:365 87 367 24
line98:336 486 336 306
line99:2 722 151 719
line100:72 688 183 697
line101:195 243 199 328
line102:291 686 291 617
line103:211 444 216 551
line104:338 711 397 717
line105:202 304 205 359
line106:145 708 193 708
line107:217 546 313 546
line108:140 700 219 704
line109:347 305 348 332
line110:97 536 207 536
line111:134 584 134 631
line112:112 551 112 400
line113:249 613 310 620
line114:117 433 119 551
line115:64 650 135 666
line116:217 605 278 603
line117:20 727 131 726
line118:167 308 289 310
line119:185 673 271 706
line120:126 286 127 215
line121:218 586 223 710
line122:240 537 293 537
line123:2 720 102 708
line124:343 719 345 674
line125:306 547 342 546
line126:97 539 207 539
line127:203 548 259 548
line128:205 304 215 501
line129:288 687 288 621
line130:347 177 348 230
line131:122 286 122 176
line132:336 717 399 726
line133:184 682 229 691
line134:97 543 206 543
line135:194 163 199 262
line136:102 724 102 588
line137:336 712 399 713
line138:289 390 289 446
line139:64 678 149 690
line140:240 541 290 541
line141:338 713 398 718
line142:306 719 306 545
line143:97 176 199 176
line144:218 606 278 606
line145:348 95 348 2
line146:56 726 56 705
line147:191 241 196 335
line148:339 343 339 267
line149:121 287 121 177
line150:336 718 379 725
line151:120 657 151 714
line152:224 703 279 702
line153:289 364 291 194
line154:349 304 351 335
line155:115 542 141 542
line156:198 549 215 304
line157:120 666 147 717
line158:67 679 69 545
line159:340 201 343 268
line160:341 368 343 495
line161:200 426 206 549
line162:109 727 228 677
line163:112 304 289 304
line164:340 128 347 231
line165:293 551 293 490
line166:128 608 191 605
line167:322 271 322 200
line168:310 719 310 545
line169:347 367 348 304
line170:126 695 126 665
line171:145 704 229 672
line172:200 374 209 549
line173:97 187 97 161
line174:136 600 222 612
line175:144 706 183 704
line176:129 342 129 306
line177:216 678 258 710
line178:114 280 118 371
line179:185 661 253 710
line180:62 647 62 627
line181:17 727 134 669
line182:366 86 367 53
line183:97 542 204 540
line184:343 369 345 484
line185:200 335 211 549
line186:326 269 326 201
line187:96 730 96 589
line188:340 118 349 230
line189:184 331 286 337
line190:48 549 122 550
line191:113 246 189 246
line192:338 715 397 725
line193:74 722 74 641
line194:253 709 307 667
line195:56 563 98 595
line196:56 644 132 664
line197:57 722 143 722
line198:266 338 287 338
line199:205 328 215 511
line200:215 680 257 710
line201:168 592 294 616
line202:185 667 251 710
line203:125 287 127 177
line204:350 723 351 672
line205:337 150 337 95
line206:122 695 124 616
line207:292 617 294 685
line208:308 88 350 89
line209:112 183 197 183
line210:56 93 239 93
line211:345 60 365 60
line212:121 538 185 537
line213:104 46 151 46
line214:264 688 286 693
line215:170 600 191 600
line216:40 44 62 44
line217:212 90 237 90
line218:350 645 350 618
line219:248 611 279 609
line220:138 727 223 661
line221:218 551 250 550
line222:226 700 279 697
line223:120 670 144 718
line224:68 679 70 545
line225:217 593 221 683
line226:64 668 135 673
line227:342 140 346 0
line228:284 551 342 549
line229:225 702 278 699
line230:349 91 349 0
line231:356 87 357 16
line232:78 90 78 62
line233:240 538 289 538
line234:56 637 125 654
line235:184 669 250 710
line236:103 727 142 727
line237:196 161 199 215
line238:347 485 347 437
line239:114 340 293 333
line240:137 177 192 178
line241:211 708 245 708
line242:326 575 327 548
line243:0 724 31 724
line244:115 341 231 341
line245:112 241 199 241
line246:217 677 261 710
line247:75 640 76 717
line248:349 484 351 384
line249:98 686 98 625
line250:116 337 293 331
line251:218 602 278 600
line252:112 251 196 254
line253:184 709 194 593
line254:73 599 73 548
line255:116 312 196 309
line256:328 495 329 472
line257:56 583 56 536
line258:113 181 198 181
line259:364 86 365 25
line260:343 201 344 230
line261:40 77 55 17
line262:286 342 287 288
line263:337 175 337 151
line264:320 412 320 345
line265:66 679 66 545
line266:321 270 321 202
line267:118 284 120 338
line268:187 330 293 330
line269:1 720 111 721
line270:136 605 218 591
line271:361 83 363 25
line272:49 707 97 708
line273:180 688 223 671
line274:292 632 293 687
line275:185 95 237 95
line276:71 678 71 593
line277:184 667 228 710
line278:272 620 294 620
line279:207 306 215 474
line280:113 179 192 179
line281:170 596 223 598
line282:78 597 78 548
line283:72 640 125 647
line284:101 680 214 710
line285:57 642 125 658
line286:37 718 101 718
line287:147 704 171 703
line288:336 714 405 725
line289:320 10 347 10
line290:118 245 193 243
line291:184 91 239 91
line292:349 177 351 231
line293:281 289 283 343
line294:265 690 311 679
line295:113 253 140 253
line296:121 695 150 695
line297:88 551 117 551
line298:308 607 308 545
line299:77 645 79 727
line300:8 712 29 712
line301:249 612 286 616
line302:50 537 87 567
line303:288 297 288 259
line304:113 248 193 249
line305:217 673 268 711
line306:211 306 215 438
line307:146 700 183 698
line308:41 70 49 18
line309:115 467 115 281
line310:249 609 279 607
line311:120 623 141 620
line312:174 604 222 594
line313:185 677 269 711
line314:112 250 197 253
line315:9 714 98 716
line316:120 693 120 616
line317:348 713 369 713
line318:341 449 344 646
line319:88 545 119 545
line320:53 551 86 575
line321:97 625 143 623
line322:218 603 279 604
line323:125 694 125 617
line324:342 368 346 305
line325:290 239 290 186
line326:216 710 271 710
line327:43 79 55 20
line328:184 328 291 328
line329:346 56 347 95
line330:358 16 363 85
line331:64 679 64 545
line332:200 444 203 549
line333:200 421 207 532
line334:72 719 72 642
line335:75 548 75 597
line336:122 617 123 693
line337:287 550 289 447
line338:121 618 143 617
line339:330 494 330 472
line340:216 670 267 709
line341:40 62 86 62
line342:325 575 326 548
line343:113 254 178 254
line344:224 308 285 308
line345:198 710 311 686
line346:341 308 344 375
line347:321 14 351 14
line348:97 628 143 626
line349:40 61 87 61
line350:290 650 311 641
line351:185 709 185 592
line352:321 495 321 472
line353:97 724 97 584
line354:190 592 192 710
line355:304 569 339 569
line356:57 730 57 705
line357:321 12 350 12
line358:124 550 152 550
line359:264 711 311 659
line360:350 229 351 180
line361:42 74 76 74
line362:40 50 54 16
line363:158 541 202 541
line364:62 562 85 575
line365:219 588 221 630
line366:121 625 141 625
line367:271 550 342 548
line368:76 548 77 599
line369:336 262 337 226
line370:218 604 290 616
line371:273 682 304 678
line372:185 329 287 329
line373:348 715 407 725
line374:138 606 191 603
line375:137 602 187 601
line376:340 117 340 82
line377:347 646 348 617
line378:240 539 290 540
line379:8 717 78 707
line380:288 238 289 186
line381:220 547 339 549
line382:378 712 402 722
line383:121 691 151 691
line384:258 333 288 333
line385:195 191 199 270
