line0:67 835 67 136
line1:128 109 128 73
line2:377 833 377 168
line3:117 830 117 162
line4:359 567 359 512
line5:70 835 70 137
line6:133 476 137 280
line7:356 487 356 273
line8:65 835 65 139
line9:60 830 60 137
line10:361 636 361 273
line11:379 835 379 169
line12:360 835 360 784
line13:434 830 434 136
line14:116 835 116 160
line15:114 835 114 385
line16:63 829 63 137
line17:420 489 423 592
line18:115 835 115 161
line19:363 637 363 273
line20:366 638 366 273
line21:133 792 134 834
line22:132 835 132 280
line23:437 835 437 136
line24:61 829 61 137
line25:184 179 438 183
line26:130 833 130 280
line27:383 835 383 170
line28:112 835 112 386
line29:59 831 59 136
line30:241 830 241 464
line31:338 94 339 51
line32:413 257 415 350
line33:262 829 262 472
line34:131 835 131 560
line35:153 830 153 440
line36:333 719 333 512
line37:438 831 438 136
line38:227 22 227 0
line39:432 622 432 408
line40:150 128 151 207
line41:324 512 331 719
line42:229 327 229 280
line43:64 835 64 136
line44:97 597 97 281
line45:433 831 433 136
line46:230 641 237 830
line47:436 620 436 409
line48:141 519 141 480
line49:346 137 347 215
line50:152 207 152 121
line51:103 598 103 281
line52:156 830 156 441
line53:381 835 381 169
line54:439 374 439 136
line55:163 112 168 214
line56:99 133 99 96
line57:435 374 435 136
line58:233 614 240 510
line59:356 690 359 735
line60:154 830 154 440
line61:257 831 257 472
line62:334 486 334 434
line63:264 29 418 31
line64:128 834 128 505
line65:146 129 148 207
line66:240 0 471 194
line67:380 358 380 168
line68:224 658 236 830
line69:140 103 140 64
line70:382 357 382 168
line71:424 374 424 280
line72:0 25 150 25
line73:353 487 353 433
line74:246 831 246 466
line75:308 62 316 16
line76:337 280 339 325
line77:139 519 139 483
line78:159 830 159 441
line79:403 98 405 150
line80:231 518 232 466
line81:184 27 223 27
line82:113 350 113 162
line83:158 830 158 440
line84:348 60 349 103
line85:264 26 495 26
line86:263 598 263 473
line87:356 716 364 835
line88:321 325 321 280
line89:425 447 425 281
line90:243 630 243 465
line91:353 743 353 687
line92:259 676 259 592
line93:261 22 262 2
line94:173 466 185 551
line95:256 679 256 593
line96:430 810 431 831
line97:296 203 471 203
line98:157 614 157 441
line99:228 831 228 544
line100:101 597 101 281
line101:1 97 142 100
line102:416 207 416 138
line103:245 3 495 191
line104:315 512 317 599
line105:260 830 260 633
line106:144 280 154 374
line107:143 481 143 518
line108:335 325 335 280
line109:137 399 137 368
line110:357 487 357 273
line111:0 184 317 168
line112:48 363 50 306
line113:305 513 310 591
line114:401 28 454 28
line115:244 605 244 464
line116:378 359 378 170
line117:155 830 155 712
line118:306 18 306 63
line119:414 489 422 631
line120:349 464 350 487
line121:455 339 456 359
line122:426 207 426 136
line123:0 830 495 830
line124:470 213 473 137
line125:129 447 129 280
line126:285 168 287 213
line127:142 343 142 280
line128:354 335 354 273
line129:88 114 234 0
line130:138 215 138 137
line131:468 497 468 523
line132:413 489 418 630
line133:427 735 427 625
line134:102 526 102 281
line135:24 198 470 198
line136:328 666 330 719
line137:448 106 495 107
line138:211 0 212 39
line139:298 325 300 280
line140:313 170 314 213
line141:225 831 225 706
line142:109 180 287 183
line143:332 719 332 672
line144:295 8 296 55
line145:219 280 220 326
line146:352 106 453 101
line147:307 280 312 325
line148:324 829 325 793
line149:355 111 355 64
line150:0 150 124 119
line151:376 126 493 151
line152:242 733 242 466
line153:331 792 333 831
line154:283 280 286 327
line155:257 18 335 18
line156:295 591 302 473
line157:476 140 477 191
line158:197 829 197 793
line159:119 398 119 163
line160:349 215 350 136
line161:182 792 183 829
line162:344 100 432 96
line163:170 169 174 214
line164:57 439 57 416
line165:111 127 238 0
line166:428 534 428 280
line167:99 599 99 281
line168:406 489 409 535
line169:331 702 331 512
line170:25 193 468 193
line171:3 176 126 116
line172:464 496 464 526
line173:358 213 366 152
line174:61 24 117 24
line175:240 831 240 657
line176:376 359 376 168
line177:18 190 19 136
line178:142 482 142 518
line179:336 91 338 24
line180:158 207 161 114
line181:319 325 319 280
line182:395 176 398 350
line183:336 281 338 325
line184:127 375 127 280
line185:274 512 291 591
line186:460 358 460 336
line187:463 358 463 336
line188:352 107 391 108
line189:354 110 398 112
line190:276 829 277 793
line191:58 214 58 138
line192:331 486 335 401
line193:340 513 342 559
line194:310 280 314 325
line195:430 207 430 136
line196:434 96 455 99
line197:96 106 225 1
line198:476 279 476 257
line199:292 325 293 281
line200:115 88 149 93
line201:478 278 478 256
line202:0 828 495 828
line203:0 829 495 829
line204:0 824 414 824
line205:106 176 275 168
line206:0 98 150 95
line207:119 24 151 24
line208:92 103 224 0
line209:431 734 431 625
line210:21 136 25 207
line211:237 819 237 680
line212:53 365 53 305
line213:310 17 314 71
line214:208 174 495 179
line215:118 351 118 160
line216:297 201 470 201
line217:84 359 86 281
line218:202 14 414 205
line219:122 82 126 117
line220:26 137 28 207
line221:356 512 358 565
line222:474 278 475 256
line223:89 112 134 110
line224:46 357 48 305
line225:33 101 135 104
line226:488 279 488 258
line227:424 664 426 733
line228:62 438 62 416
line229:229 519 229 465
line230:168 466 168 486
line231:447 138 449 215
line232:145 18 230 19
line233:441 136 495 146
line234:56 535 56 504
line235:445 152 486 166
line236:360 109 360 73
line237:483 527 483 496
line238:464 172 495 183
line239:326 17 330 87
line240:391 97 392 143
line241:309 591 314 512
line242:245 517 245 465
line243:185 91 256 56
line244:478 527 478 498
line245:296 207 469 207
line246:114 294 373 294
line247:129 72 167 79
line248:227 831 227 545
line249:261 213 261 169
line250:161 79 163 16
line251:35 215 36 137
line252:357 632 359 681
line253:9 136 13 191
line254:429 446 429 403
line255:15 28 119 26
line256:452 215 452 136
line257:0 29 126 31
line258:129 195 470 195
line259:486 191 486 145
line260:478 188 480 144
line261:461 215 462 136
line262:472 527 473 498
line263:465 337 467 359
line264:13 136 16 191
line265:302 591 309 512
line266:489 359 489 336
line267:486 527 487 496
line268:303 8 305 63
line269:294 473 299 591
line270:169 106 191 106
line271:77 527 77 488
line272:474 138 475 191
line273:14 136 17 190
line274:353 767 359 832
line275:247 735 247 464
line276:430 533 430 280
line277:489 279 489 258
line278:352 638 359 713
line279:325 407 325 384
line280:292 793 293 822
line281:283 591 288 512
line282:305 375 307 353
line283:94 488 95 527
line284:81 121 241 0
line285:265 24 296 25
line286:20 136 23 191
line287:352 553 352 512
line288:398 176 401 350
line289:481 191 481 144
line290:159 16 162 75
line291:482 191 482 145
line292:302 479 306 591
line293:105 322 373 322
line294:315 325 315 280
line295:43 358 44 336
line296:232 213 375 213
line297:30 138 33 213
line298:144 60 172 64
line299:142 833 143 747
line300:465 137 469 214
line301:151 56 183 61
line302:222 583 223 538
line303:112 285 446 285
line304:52 213 56 137
line305:474 338 475 359
line306:463 181 464 214
line307:475 498 475 527
line308:41 312 432 312
line309:56 808 58 831
line310:100 207 100 176
line311:330 83 490 111
line312:368 115 399 116
line313:10 136 14 191
line314:29 206 29 137
line315:426 535 426 280
line316:120 292 374 292
line317:417 136 418 206
line318:77 280 79 358
line319:470 525 470 496
line320:458 526 458 504
line321:360 639 360 313
line322:41 314 283 314
line323:440 137 441 205
line324:41 317 436 317
line325:24 136 26 206
line326:454 136 460 215
line327:489 527 490 498
line328:50 213 50 136
line329:494 527 494 496
line330:43 277 45 257
line331:485 527 485 499
line332:278 39 279 1
line333:330 82 331 51
line334:0 100 67 103
line335:467 525 467 496
line336:318 599 325 513
line337:112 280 446 280
line338:66 210 288 10
line339:20 191 20 164
line340:416 598 416 631
line341:74 128 75 207
line342:495 527 495 498
line343:96 203 267 208
line344:49 304 50 367
line345:238 823 238 681
line346:335 614 335 513
line347:484 527 484 496
line348:388 176 397 350
line349:57 604 57 578
line350:305 117 335 123
line351:297 473 298 527
line352:72 358 72 280
line353:261 679 261 596
line354:188 16 215 32
line355:386 550 386 456
line356:484 357 484 336
line357:455 214 456 178
line358:266 27 286 9
line359:344 102 438 101
line360:335 792 344 831
line361:491 527 491 496
line362:376 124 413 131
line363:39 336 40 356
line364:33 100 142 97
line365:449 136 450 214
line366:474 191 475 140
line367:148 91 148 56
line368:443 137 446 205
line369:152 49 187 55
line370:140 835 140 713
line371:176 465 180 550
line372:462 181 463 214
line373:102 109 134 107
line374:492 279 492 258
line375:4 136 8 191
line376:120 80 158 86
line377:488 527 489 497
line378:66 208 238 48
line379:239 750 239 680
line380:445 337 445 358
line381:464 136 466 213
line382:40 256 40 278
line383:1 136 2 190
line384:458 214 459 136
line385:7 136 11 191
line386:467 214 470 136
line387:335 87 336 24
line388:134 31 260 0
line389:491 359 493 336
line390:291 47 292 8
line391:98 527 98 484
line392:258 550 258 473
line393:485 191 485 158
line394:221 822 221 792
line395:37 359 37 336
line396:329 825 446 825
line397:328 459 330 483
line398:30 170 30 207
line399:118 820 366 820
line400:38 336 38 358
line401:184 93 335 22
line402:80 125 110 122
line403:395 96 397 142
line404:87 358 88 281
line405:0 826 143 826
line406:314 823 315 792
line407:495 359 495 336
line408:387 350 387 258
line409:90 358 90 281
line410:224 614 224 544
line411:453 358 453 336
line412:331 281 334 325
line413:368 113 397 113
line414:37 215 40 137
line415:442 518 442 496
line416:112 289 214 289
line417:352 209 359 144
line418:113 822 366 822
line419:356 633 359 703
line420:428 664 430 734
line421:397 96 399 143
line422:104 320 374 320
line423:453 213 454 140
line424:100 526 100 281
line425:133 399 133 282
line426:36 336 36 359
line427:473 527 474 501
line428:33 158 243 0
line429:483 191 484 146
line430:480 527 481 497
line431:77 128 78 207
line432:143 215 145 128
line433:320 77 374 86
line434:450 337 451 359
line435:394 141 394 96
line436:12 24 52 31
line437:229 827 229 544
line438:345 103 390 106
line439:298 55 300 8
line440:56 270 56 244
line441:45 359 46 313
line442:419 631 419 489
line443:83 120 125 116
line444:312 591 321 512
line445:479 278 479 256
line446:0 27 33 31
line447:384 549 384 456
line448:385 271 415 271
line449:221 356 310 355
line450:383 89 385 135
line451:66 282 374 282
line452:42 213 49 136
line453:40 213 43 137
line454:462 215 464 138
line455:457 158 457 136
line456:465 523 466 498
line457:36 29 121 27
line458:396 534 398 488
line459:336 169 337 215
line460:419 281 420 350
line461:201 169 209 207
line462:245 48 389 182
line463:135 511 135 472
line464:452 104 474 104
line465:3 136 4 157
line466:96 527 96 281
line467:401 534 402 489
line468:73 359 73 284
line469:482 527 482 499
line470:232 210 375 210
line471:29 357 29 336
line472:51 213 53 136
line473:311 574 320 512
line474:423 686 423 664
line475:57 534 57 505
line476:30 336 31 358
line477:155 121 160 215
line478:470 140 470 186
line479:403 535 404 489
line480:206 169 213 205
line481:51 321 286 321
line482:334 716 335 673
line483:458 256 458 277
line484:479 527 480 496
line485:387 96 389 135
line486:62 215 62 139
line487:409 350 409 257
line488:340 559 340 528
line489:322 325 322 281
line490:446 519 446 496
line491:479 184 480 157
line492:140 136 145 207
line493:342 514 343 557
line494:2 138 5 191
line495:313 598 314 524
line496:408 128 409 205
line497:345 101 347 58
line498:120 358 311 358
line499:321 74 375 84
line500:184 817 366 817
line501:69 215 240 50
line502:27 359 28 336
line503:80 207 80 176
line504:338 215 339 169
line505:246 0 367 72
line506:446 264 447 287
line507:16 749 57 749
line508:34 137 36 209
line509:21 191 22 161
line510:410 350 410 256
line511:396 488 397 534
line512:9 144 11 186
line513:326 486 334 401
line514:444 359 444 337
line515:1 103 46 103
line516:144 16 231 16
line517:217 487 315 486
line518:139 399 139 368
line519:346 324 436 324
line520:269 543 269 513
line521:144 20 229 23
line522:235 762 235 681
line523:328 827 446 827
line524:119 483 391 483
line525:51 196 51 138
line526:230 205 230 169
line527:432 756 436 714
line528:55 366 55 304
line529:144 17 229 17
line530:6 136 9 190
line531:226 827 226 642
line532:353 109 385 109
line533:404 256 407 350
line534:307 62 341 53
line535:400 325 431 325
line536:88 118 127 114
line537:104 327 284 327
line538:472 191 474 160
line539:132 144 133 213
line540:456 214 456 194
line541:80 122 111 121
line542:78 527 79 488
line543:119 506 237 506
line544:145 774 145 728
line545:328 449 331 400
line546:393 490 393 534
line547:161 40 213 38
line548:424 451 425 533
line549:495 279 495 258
line550:329 831 443 831
line551:305 208 308 170
line552:265 76 351 137
line553:376 127 382 94
line554:446 136 447 205
line555:8 508 62 508
line556:249 0 359 66
line557:439 835 439 790
line558:487 357 487 336
line559:473 256 473 279
line560:19 153 19 190
line561:136 835 136 712
line562:40 336 41 359
line563:256 20 335 20
line564:179 551 184 472
line565:456 278 456 256
line566:341 204 470 206
line567:144 59 177 63
line568:476 187 478 136
line569:106 323 287 326
line570:305 591 311 512
line571:443 359 443 337
line572:344 98 452 100
line573:323 819 323 793
line574:69 158 182 63
line575:459 526 459 504
line576:442 137 445 205
line577:23 186 23 136
line578:447 337 448 357
line579:306 374 309 354
line580:58 606 58 577
line581:482 278 482 256
line582:154 121 155 207
line583:1 510 182 519
line584:457 336 459 359
line585:272 34 319 33
line586:368 335 368 274
line587:482 357 483 336
line588:476 523 477 498
line589:163 73 165 19
line590:191 821 194 793
line591:279 591 283 512
line592:332 475 335 430
line593:103 176 239 49
line594:231 799 231 677
line595:296 200 469 200
line596:134 488 135 567
line597:441 152 444 202
line598:490 356 490 336
line599:355 487 355 273
line600:462 504 463 527
line601:120 353 311 353
line602:446 337 447 359
line603:359 487 359 273
line604:168 32 215 34
line605:232 823 234 680
line606:282 46 325 42
line607:449 359 449 339
line608:256 22 375 24
line609:451 211 451 136
line610:27 669 62 670
line611:0 141 1 191
line612:105 168 217 170
line613:327 486 335 415
line614:344 272 345 327
line615:32 358 32 336
line616:416 590 494 590
line617:477 359 478 338
line618:310 62 366 73
line619:51 367 52 304
line620:334 702 334 512
line621:137 835 137 745
line622:153 51 199 47
line623:334 29 444 24
line624:376 497 493 520
line625:385 264 486 262
line626:13 146 13 184
line627:144 19 231 18
line628:236 51 258 56
line629:340 60 341 94
line630:315 16 320 79
line631:49 366 49 336
line632:201 8 333 19
line633:429 534 429 472
line634:96 594 119 594
line635:129 795 211 800
line636:441 518 441 496
line637:291 512 295 590
line638:66 183 114 181
line639:266 743 268 713
line640:54 367 54 307
line641:286 591 295 544
line642:339 91 375 87
line643:460 258 461 278
line644:276 568 282 590
line645:452 359 452 336
line646:135 793 366 809
line647:224 681 328 686
line648:467 336 468 359
line649:31 136 34 213
line650:323 325 327 281
line651:224 786 366 806
line652:298 204 429 206
line653:56 200 312 208
line654:423 563 423 489
line655:4 185 375 166
line656:95 113 133 111
line657:332 81 367 77
line658:442 152 443 205
line659:208 4 297 12
line660:34 357 35 336
line661:15 136 17 174
line662:270 542 270 513
line663:391 179 396 287
line664:46 256 46 278
line665:385 551 385 456
line666:420 508 422 628
line667:385 130 429 142
line668:24 179 25 137
line669:312 821 366 821
line670:492 527 492 500
line671:296 109 325 113
line672:5 138 5 158
line673:87 490 88 527
line674:42 176 44 137
line675:256 281 295 281
line676:281 313 436 313
line677:408 819 436 819
line678:471 182 471 138
line679:440 359 440 337
line680:338 48 339 88
line681:281 293 374 293
line682:136 66 173 71
line683:41 213 45 137
line684:346 97 381 95
line685:138 834 138 712
line686:230 825 230 656
line687:263 825 263 770
line688:479 501 480 523
line689:118 481 390 481
line690:1 596 62 596
line691:84 121 84 151
line692:312 71 366 75
line693:457 527 457 504
line694:82 527 82 490
line695:27 358 27 336
line696:76 207 76 128
line697:79 280 83 357
line698:225 615 226 556
line699:467 171 469 137
line700:68 359 68 272
line701:141 834 141 744
line702:325 79 325 41
line703:134 183 375 171
line704:228 62 269 65
line705:265 30 302 30
line706:114 183 185 180
line707:487 176 488 148
line708:389 550 389 457
line709:308 180 374 183
line710:34 181 296 168
line711:165 42 199 40
line712:419 97 493 111
line713:250 58 309 117
line714:16 136 17 168
line715:461 359 461 337
line716:348 96 380 94
line717:57 158 252 0
line718:152 821 152 712
line719:493 527 493 497
line720:129 78 166 73
line721:55 31 144 28
line722:248 51 371 174
line723:46 213 49 140
line724:362 206 370 160
line725:336 92 376 92
line726:109 172 245 168
line727:412 202 412 129
line728:349 31 423 24
line729:369 114 395 114
line730:332 85 375 82
line731:96 592 119 592
line732:295 680 327 681
line733:281 319 432 319
line734:76 281 78 357
line735:31 199 33 152
line736:480 357 481 337
line737:128 323 287 323
line738:42 358 44 315
line739:0 270 58 270
line740:62 605 62 576
line741:98 105 131 105
line742:325 283 444 283
line743:76 103 158 78
line744:86 359 87 281
line745:166 799 318 792
line746:69 212 69 136
line747:66 214 66 136
line748:139 215 139 137
line749:81 150 81 124
line750:340 464 341 486
line751:119 511 261 511
line752:210 0 302 9
line753:150 325 156 374
line754:458 136 479 139
line755:465 31 495 29
line756:170 110 190 110
line757:224 705 306 719
line758:459 215 461 138
line759:417 668 494 668
line760:450 107 493 105
line761:320 62 346 56
line762:453 176 454 214
line763:253 52 436 223
line764:92 207 92 176
line765:332 83 382 90
line766:272 36 319 36
line767:105 492 238 557
line768:356 702 359 758
line769:254 831 261 729
line770:464 359 466 336
line771:418 604 418 489
line772:236 688 329 683
line773:317 513 320 599
line774:58 438 58 416
line775:44 213 46 157
line776:33 359 34 336
line777:69 497 240 466
line778:469 525 469 498
line779:236 208 236 169
line780:178 468 335 476
line781:400 533 401 489
line782:113 488 239 466
line783:158 328 161 359
line784:305 288 375 288
line785:27 205 28 140
line786:392 116 393 143
line787:56 360 56 305
line788:368 110 390 110
line789:41 157 41 137
line790:296 202 373 202
line791:347 101 386 100
line792:297 49 326 45
line793:416 586 454 586
line794:91 359 91 281
line795:494 358 494 336
line796:300 591 306 513
line797:337 95 381 93
line798:79 183 375 167
line799:442 337 442 358
line800:411 350 411 257
line801:388 551 388 456
line802:0 269 57 269
line803:415 128 415 176
line804:209 5 334 19
line805:283 84 374 175
line806:233 705 315 719
line807:138 372 138 399
line808:258 23 333 21
line809:432 763 494 746
line810:402 350 403 281
line811:416 579 477 588
line812:272 35 367 80
line813:458 158 458 138
line814:1 598 55 598
line815:71 527 71 488
line816:89 207 89 176
line817:262 64 374 176
line818:181 171 190 207
line819:419 31 455 29
line820:304 114 326 114
line821:444 136 446 183
line822:486 357 486 337
line823:138 65 138 98
line824:105 207 167 136
line825:126 214 126 153
line826:391 458 392 534
line827:463 279 464 258
line828:87 151 88 102
line829:118 485 240 465
line830:32 215 34 179
line831:408 821 436 821
line832:24 359 26 336
line833:151 325 157 375
line834:2 150 3 190
line835:225 588 318 588
line836:460 504 460 527
line837:426 24 463 27
line838:467 138 471 215
line839:461 504 462 526
line840:357 785 359 835
line841:344 512 345 535
line842:57 215 57 138
line843:224 357 311 357
line844:441 176 442 205
line845:409 489 410 534
line846:75 359 75 281
line847:51 326 239 326
line848:189 108 241 51
line849:183 792 366 808
line850:149 207 149 128
line851:256 790 266 715
line852:435 835 435 649
line853:244 827 298 792
line854:366 800 368 835
line855:340 93 342 48
line856:431 445 431 281
line857:51 517 93 517
line858:233 533 302 551
line859:26 177 27 137
line860:329 645 329 512
line861:449 180 449 210
line862:397 176 400 350
line863:301 55 341 49
line864:193 288 310 290
line865:165 215 165 171
line866:93 115 135 111
line867:38 214 45 152
line868:494 279 494 258
line869:172 70 214 2
line870:483 167 483 144
line871:414 132 415 202
line872:118 816 259 816
line873:356 731 356 759
line874:471 526 472 498
line875:407 149 407 102
line876:419 670 493 670
line877:479 358 480 337
line878:186 89 206 93
line879:436 375 436 136
line880:315 69 359 71
line881:352 111 395 112
line882:92 143 92 116
line883:424 425 492 425
line884:389 265 415 265
line885:390 551 390 485
line886:88 488 90 527
line887:230 584 318 584
line888:343 90 344 61
line889:488 358 488 338
line890:465 597 494 597
line891:282 315 432 315
line892:363 101 418 100
line893:41 257 41 279
line894:327 385 331 445
line895:177 543 260 558
line896:376 121 406 125
line897:400 30 450 29
line898:355 632 356 664
line899:421 593 457 599
line900:328 80 373 86
line901:78 152 213 2
line902:417 671 493 671
line903:98 598 98 553
line904:113 88 117 116
line905:233 530 367 566
line906:353 660 356 689
line907:280 40 319 38
line908:83 207 237 53
line909:121 112 121 81
line910:400 151 427 158
line911:95 183 237 50
line912:36 589 56 584
line913:463 31 494 31
line914:19 426 53 439
line915:1 592 56 592
line916:411 533 412 489
line917:137 512 177 515
line918:449 24 489 27
line919:85 207 220 72
line920:420 202 421 137
line921:432 274 493 275
line922:53 182 55 138
line923:187 183 287 179
line924:273 33 409 24
line925:427 374 427 281
line926:444 759 484 746
line927:424 433 492 433
line928:105 200 262 205
line929:125 375 126 313
line930:62 366 62 304
line931:8 158 8 136
line932:271 19 321 19
line933:432 826 432 648
line934:1 504 62 507
line935:38 180 39 137
line936:337 792 344 826
line937:130 182 167 138
line938:104 518 104 488
line939:83 354 83 281
line940:106 350 106 281
line941:410 182 411 146
line942:177 540 231 550
line943:56 158 244 0
line944:319 819 319 793
line945:25 338 26 359
line946:178 545 260 560
line947:312 599 313 512
line948:44 279 44 256
line949:317 541 318 512
line950:321 44 322 71
line951:184 823 259 823
line952:375 118 375 80
line953:325 486 332 400
line954:314 599 314 575
line955:168 357 281 354
line956:225 177 373 169
line957:260 586 315 586
line958:414 256 416 350
line959:424 684 425 733
line960:233 525 356 529
line961:133 74 223 30
line962:323 407 323 384
line963:470 336 471 359
line964:92 488 93 527
line965:422 588 422 565
line966:71 215 71 136
line967:129 792 363 808
line968:123 374 123 345
line969:80 151 80 126
line970:267 512 399 516
line971:56 215 227 56
line972:12 136 15 184
line973:225 352 310 352
line974:128 469 193 472
line975:388 256 394 350
line976:400 102 401 148
line977:330 467 350 464
line978:135 687 135 657
line979:417 664 417 685
line980:457 257 457 279
line981:232 771 232 727
line982:440 519 440 498
line983:89 519 183 520
line984:493 279 493 258
line985:314 17 315 66
line986:284 475 387 461
line987:37 178 37 152
line988:463 152 465 215
line989:236 615 236 505
line990:105 518 105 489
line991:137 136 137 181
line992:312 70 366 74
line993:312 819 366 819
line994:121 153 130 213
line995:58 367 58 304
line996:265 512 273 542
line997:0 670 62 671
line998:258 679 258 632
line999:348 272 373 272
line1000:74 358 74 280
line1001:278 182 322 168
line1002:107 325 184 325
line1003:111 206 112 160
line1004:133 109 180 21
line1005:272 38 324 44
line1006:85 151 86 101
line1007:444 519 444 497
line1008:48 213 49 176
line1009:429 735 429 712
line1010:440 267 468 267
line1011:395 535 395 488
line1012:344 136 345 181
line1013:201 14 293 9
line1014:274 86 423 199
line1015:384 266 477 266
line1016:186 31 214 37
line1017:418 137 419 204
line1018:151 94 151 58
line1019:194 801 312 807
line1020:336 529 339 554
line1021:76 288 76 327
line1022:464 336 465 359
line1023:134 290 135 349
line1024:306 359 335 426
line1025:328 76 330 49
line1026:85 490 86 527
line1027:177 548 235 534
line1028:406 304 408 350
line1029:444 264 444 287
line1030:168 200 263 203
line1031:389 256 396 350
line1032:344 83 379 88
line1033:176 507 358 519
line1034:280 42 342 52
line1035:224 723 302 712
line1036:402 256 406 350
line1037:304 58 333 54
line1038:113 821 256 821
line1039:139 100 139 64
line1040:354 105 389 107
line1041:187 109 248 52
line1042:328 87 388 97
line1043:404 534 407 489
line1044:466 152 466 194
line1045:304 119 325 118
line1046:485 278 486 256
line1047:16 263 62 264
line1048:94 358 95 281
line1049:144 746 144 774
line1050:320 73 373 80
line1051:187 89 213 84
line1052:445 518 445 497
line1053:7 98 37 99
line1054:185 316 206 316
line1055:330 555 367 559
line1056:328 513 332 554
line1057:112 30 143 31
line1058:321 407 321 386
line1059:472 277 472 257
line1060:322 514 323 599
line1061:304 59 357 68
line1062:152 522 182 522
line1063:125 83 158 87
line1064:456 527 456 505
line1065:168 39 214 36
line1066:462 337 462 359
line1067:124 215 124 159
line1068:143 835 143 783
line1069:416 666 493 666
line1070:424 436 491 438
line1071:394 525 439 527
line1072:243 831 243 657
line1073:249 49 290 89
line1074:300 52 343 50
line1075:312 534 367 554
line1076:348 181 353 144
line1077:273 35 319 35
line1078:206 486 293 473
line1079:172 33 283 0
line1080:172 464 175 487
line1081:121 200 255 204
line1082:136 64 174 65
line1083:129 562 346 512
line1084:353 764 382 743
line1085:68 493 176 518
line1086:73 205 121 161
line1087:260 591 316 590
line1088:238 58 359 146
line1089:325 287 442 287
line1090:235 530 309 550
line1091:481 357 482 336
line1092:355 512 357 567
line1093:370 116 393 116
line1094:225 589 319 591
line1095:264 796 343 805
line1096:7 27 36 24
line1097:443 519 443 496
line1098:139 772 167 776
line1099:54 213 56 176
line1100:326 77 326 40
line1101:336 94 380 91
line1102:320 76 320 40
line1103:157 178 158 121
line1104:183 21 220 31
line1105:300 715 328 711
line1106:387 549 387 457
line1107:473 338 473 358
line1108:416 582 489 599
line1109:232 49 254 52
line1110:302 51 324 48
line1111:44 178 243 5
line1112:1 590 55 591
line1113:329 826 475 826
line1114:53 213 56 152
line1115:140 313 141 343
line1116:99 207 166 133
line1117:484 279 485 257
line1118:155 611 155 440
line1119:436 759 495 759
line1120:225 605 226 545
line1121:106 503 137 498
line1122:52 367 52 340
line1123:450 158 450 136
line1124:169 36 231 21
line1125:220 729 263 724
line1126:51 338 51 305
line1127:361 97 406 102
line1128:356 760 356 790
line1129:424 427 491 427
line1130:413 202 413 132
line1131:424 430 486 429
line1132:327 684 329 718
line1133:66 310 112 305
line1134:391 533 439 536
line1135:436 749 484 758
line1136:395 321 395 349
line1137:7 266 55 265
line1138:201 11 286 2
line1139:358 633 359 662
line1140:346 487 346 466
line1141:148 728 148 771
line1142:98 132 98 100
line1143:424 435 486 436
line1144:0 664 57 664
line1145:146 58 222 30
line1146:314 368 315 391
line1147:89 490 140 504
line1148:318 368 318 391
line1149:134 471 170 484
line1150:345 25 365 25
line1151:256 704 263 750
line1152:457 438 486 438
line1153:421 321 421 350
line1154:113 512 137 513
line1155:468 339 469 359
line1156:145 173 145 130
line1157:73 203 200 207
line1158:408 818 431 818
line1159:321 182 375 168
line1160:395 27 495 27
line1161:184 88 204 91
line1162:422 534 422 489
line1163:294 794 363 803
line1164:417 577 475 599
line1165:265 514 266 543
line1166:222 730 224 782
