line0:217 62 679 62
line1:843 591 843 72
line2:218 56 675 56
line3:22 599 26 337
line4:639 463 639 89
line5:260 519 260 89
line6:279 471 279 161
line7:642 543 642 232
line8:216 61 271 61
line9:645 543 645 60
line10:845 238 845 72
line11:276 622 276 89
line12:162 569 279 571
line13:217 60 679 60
line14:245 622 245 72
line15:28 399 28 62
line16:847 591 847 280
line17:456 576 639 576
line18:844 590 844 73
line19:259 622 259 90
line20:441 592 631 592
line21:265 598 631 598
line22:243 622 243 58
line23:641 247 641 61
line24:278 471 278 89
line25:638 519 638 89
line26:647 247 647 61
line27:261 263 261 88
line28:274 622 274 89
line29:588 454 588 185
line30:248 619 471 623
line31:30 495 30 304
line32:244 239 244 208
line33:252 621 392 623
line34:464 629 499 629
line35:247 622 247 209
line36:636 459 636 89
line37:607 455 607 216
line38:633 519 633 89
line39:240 95 646 95
line40:240 89 644 89
line41:18 593 53 593
line42:472 595 502 595
line43:464 626 566 626
line44:458 577 588 579
line45:287 621 287 568
line46:472 593 502 593
line47:410 573 511 573
line48:240 319 240 272
line49:591 453 591 184
line50:240 90 642 90
line51:634 462 634 91
line52:643 543 643 424
line53:633 575 671 575
line54:536 599 710 599
line55:399 618 429 619
line56:281 616 366 618
line57:440 597 575 597
line58:673 77 847 80
line59:258 622 258 258
line60:256 622 256 568
line61:400 596 630 596
line62:590 627 711 623
line63:273 470 273 161
line64:242 449 647 449
line65:303 455 303 200
line66:216 577 263 577
line67:664 581 783 581
line68:664 578 783 576
line69:241 622 241 561
line70:160 575 345 572
line71:474 527 474 224
line72:263 263 263 91
line73:393 454 647 454
line74:643 80 701 81
line75:423 480 426 367
line76:218 63 415 63
line77:605 390 605 152
line78:16 557 18 489
line79:525 453 525 224
line80:610 455 610 218
line81:31 399 31 233
line82:169 595 407 595
line83:842 94 842 72
line84:531 453 531 184
line85:240 91 644 91
line86:240 97 527 97
line87:217 58 414 58
line88:560 631 711 631
line89:465 152 606 152
line90:553 583 639 583
line91:570 594 710 594
line92:98 591 183 586
line93:27 495 27 392
line94:465 571 511 570
line95:299 455 299 224
line96:48 584 182 584
line97:523 455 523 225
line98:136 72 255 72
line99:680 582 782 582
line100:614 455 614 217
line101:260 570 326 569
line102:430 453 430 216
line103:534 578 637 577
line104:310 318 312 453
line105:521 452 521 224
line106:240 100 558 100
line107:673 74 847 74
line108:240 102 643 102
line109:297 593 297 568
line110:244 622 244 424
line111:304 157 429 157
line112:552 582 639 580
line113:241 509 241 59
line114:25 175 27 56
line115:601 455 601 153
line116:287 447 287 208
line117:256 518 256 259
line118:704 78 765 79
line119:777 587 842 587
line120:640 572 640 424
line121:216 581 263 579
line122:283 447 283 209
line123:297 454 297 200
line124:466 154 607 154
line125:472 551 472 329
line126:478 551 478 224
line127:160 568 423 568
line128:476 499 476 224
line129:246 238 246 57
line130:603 389 603 250
line131:308 451 308 203
line132:136 75 254 75
line133:285 447 285 208
line134:533 581 639 578
line135:264 432 533 437
line136:644 574 644 425
line137:29 56 31 174
line138:648 627 709 629
line139:272 593 272 417
line140:527 453 527 224
line141:562 624 637 627
line142:535 389 535 184
line143:533 452 533 184
line144:305 455 305 145
line145:428 396 429 453
line146:473 335 473 224
line147:240 239 240 57
line148:267 574 322 575
line149:586 325 586 184
line150:612 455 612 216
line151:419 593 419 433
line152:412 61 679 61
line153:24 64 142 66
line154:20 598 20 489
line155:309 454 311 325
line156:138 76 255 76
line157:24 69 141 69
line158:609 455 609 216
line159:704 73 847 73
line160:558 436 646 435
line161:310 616 359 617
line162:842 287 842 232
line163:242 318 242 272
line164:615 455 615 216
line165:341 575 486 568
line166:16 599 17 553
line167:396 452 475 452
line168:49 585 183 585
line169:136 77 254 79
line170:552 99 643 99
line171:529 455 529 256
line172:50 588 127 588
line173:24 68 143 68
line174:646 479 646 424
line175:168 593 443 593
line176:635 519 635 412
line177:360 101 558 101
line178:171 623 358 620
line179:606 263 606 153
line180:420 575 421 501
line181:24 255 24 169
line182:264 518 264 435
line183:309 144 312 294
line184:208 599 263 599
line185:640 82 702 84
line186:467 624 523 624
line187:589 453 589 307
line188:585 325 585 188
line189:267 519 267 433
line190:840 148 840 120
line191:361 96 559 96
line192:431 455 431 312
line193:429 618 470 619
line194:251 618 286 619
line195:682 580 781 580
line196:161 571 237 574
line197:246 451 535 451
line198:281 447 281 416
line199:49 590 182 590
line200:640 85 702 85
line201:590 326 590 186
line202:284 447 284 321
line203:169 618 211 617
line204:776 586 846 586
line205:547 629 618 625
line206:21 558 23 489
line207:778 588 842 589
line208:480 231 534 231
line209:105 578 182 579
line210:637 519 637 409
line211:479 334 479 224
line212:587 455 587 304
line213:216 583 242 583
line214:584 229 646 232
line215:304 398 304 377
line216:24 71 142 71
line217:265 439 429 439
line218:48 591 97 591
line219:270 517 270 434
line220:145 74 254 73
line221:275 382 275 348
line222:426 438 641 438
line223:168 616 285 618
line224:463 575 511 575
line225:532 262 532 185
line226:26 67 143 67
line227:426 366 426 257
line228:647 469 647 424
line229:417 575 417 512
line230:24 310 26 273
line231:475 551 475 394
line232:719 75 846 77
line233:553 157 607 157
line234:464 156 548 157
line235:281 221 334 222
line236:281 327 281 210
line237:349 433 641 433
line238:25 70 143 70
line239:265 455 532 455
line240:360 98 527 98
line241:305 570 381 569
line242:425 394 425 220
line243:840 277 840 233
line244:782 78 847 79
line245:841 207 841 177
line246:295 574 422 569
line247:136 79 181 79
line248:240 448 535 448
line249:168 622 242 620
line250:632 519 632 408
line251:586 453 618 453
line252:17 597 53 598
line253:404 623 432 623
line254:626 239 627 217
line255:600 263 600 153
line256:360 103 526 103
line257:705 72 757 72
line258:778 590 840 591
line259:304 241 431 230
line260:272 136 272 96
line261:622 432 623 519
line262:275 575 275 416
line263:25 66 130 66
line264:380 152 470 151
line265:845 591 845 280
line266:277 383 277 345
line267:688 592 711 592
line268:29 310 29 234
line269:289 219 424 224
line270:242 511 242 424
line271:638 627 711 625
line272:534 452 534 312
line273:169 598 207 599
line274:846 150 846 122
line275:262 519 262 464
line276:360 220 431 222
line277:25 394 25 232
line278:307 295 307 144
line279:421 434 421 490
line280:104 580 182 582
line281:465 478 465 435
line282:676 59 676 84
line283:280 213 333 216
line284:147 77 255 77
line285:318 294 318 211
line286:257 594 257 465
line287:24 392 24 423
line288:472 225 534 225
line289:646 367 646 304
line290:104 576 182 577
line291:644 81 703 83
line292:619 519 619 432
line293:106 577 182 578
line294:288 218 431 218
line295:604 175 604 155
line296:311 200 313 295
line297:265 517 265 434
line298:684 583 736 583
line299:429 334 429 256
line300:304 151 350 152
line301:169 620 216 620
line302:846 206 846 178
line303:604 455 604 376
line304:217 59 271 59
line305:312 623 359 622
line306:16 594 54 595
line307:24 121 26 58
line308:300 235 416 231
line309:418 453 535 453
line310:617 518 617 432
line311:49 586 125 587
line312:216 57 269 57
line313:847 144 847 194
line314:497 452 641 452
line315:313 224 315 295
line316:643 245 643 87
line317:387 575 487 574
line318:586 450 641 450
line319:640 87 703 87
line320:401 616 431 616
line321:426 450 426 400
line322:672 58 674 86
line323:470 581 470 523
line324:300 453 300 378
line325:24 428 25 484
line326:525 624 580 625
line327:423 572 423 481
line328:729 76 834 75
line329:847 76 847 118
line330:471 581 471 520
line331:270 572 340 575
line332:481 230 530 227
line333:689 630 701 576
line334:620 440 622 519
line335:677 58 678 80
line336:24 122 27 175
line337:48 589 182 589
line338:18 598 55 599
line339:500 629 597 629
line340:645 574 647 512
line341:420 518 420 474
line342:103 64 143 65
line343:468 581 468 522
line344:304 222 304 144
line345:632 572 671 572
line346:673 630 711 630
line347:361 152 431 155
line348:528 450 528 313
line349:400 224 420 224
line350:277 119 277 96
line351:817 590 840 588
line352:428 312 428 365
line353:161 570 231 573
line354:292 213 335 215
line355:433 623 471 620
line356:309 399 309 377
line357:473 437 520 437
line358:778 585 825 585
line359:587 223 635 220
line360:280 208 335 213
line361:679 79 703 80
line362:705 628 705 577
line363:690 618 711 619
line364:26 336 26 162
line365:29 169 30 226
line366:302 238 302 200
line367:371 572 411 574
line368:466 158 511 159
line369:105 579 127 579
line370:711 628 711 577
line371:693 577 695 627
line372:633 569 669 569
line373:706 627 706 577
line374:315 209 317 293
line375:306 398 306 377
line376:689 623 698 577
line377:339 239 415 234
line378:289 223 392 223
line379:268 435 405 435
line380:709 577 710 624
line381:475 227 529 226
line382:393 450 535 450
line383:841 151 841 120
line384:368 573 395 574
line385:683 576 717 577
line386:240 424 240 455
line387:232 565 321 571
line388:529 188 603 190
line389:361 99 527 99
line390:218 578 262 578
line391:464 520 465 581
line392:424 149 471 149
line393:379 618 469 622
line394:315 432 316 454
line395:224 82 255 81
line396:206 78 231 78
line397:424 146 471 146
line398:298 454 298 377
line399:649 573 671 573
line400:632 574 655 574
line401:456 578 476 578
line402:708 624 708 577
line403:106 582 182 583
line404:458 582 487 583
line405:319 295 319 208
line406:679 63 679 86
line407:361 216 428 216
line408:280 427 302 428
line409:261 523 261 467
line410:23 591 55 592
line411:369 154 397 154
