line0:98 796 98 80
line1:33 741 33 50
line2:450 439 450 200
line3:362 774 362 344
line4:102 796 102 81
line5:100 796 100 83
line6:451 796 451 56
line7:452 751 452 481
line8:461 796 461 72
line9:448 438 448 201
line10:97 429 97 201
line11:113 311 113 65
line12:457 796 457 72
line13:388 749 388 89
line14:387 796 387 88
line15:38 741 38 48
line16:371 503 371 128
line17:389 796 389 89
line18:35 741 35 186
line19:391 796 391 89
line20:366 774 366 344
line21:360 502 360 344
line22:364 773 364 344
line23:459 796 459 72
line24:27 783 27 481
line25:463 796 463 72
line26:369 652 369 130
line27:368 503 368 129
line28:374 654 374 130
line29:103 430 103 200
line30:266 576 271 405
line31:39 239 39 49
line32:256 368 261 684
line33:30 638 30 536
line34:114 310 114 66
line35:386 543 386 384
line36:266 515 271 345
line37:29 783 29 480
line38:32 741 32 185
line39:231 775 231 496
line40:25 431 25 200
line41:264 638 264 449
line42:227 775 227 496
line43:262 773 262 345
line44:128 317 130 245
line45:119 311 119 65
line46:367 775 367 705
line47:216 126 216 64
line48:36 741 36 704
line49:112 726 121 464
line50:385 543 385 385
line51:230 431 230 360
line52:34 239 34 49
line53:110 717 110 696
line54:159 510 159 376
line55:112 64 367 64
line56:228 771 228 378
line57:31 590 31 481
line58:229 774 229 499
line59:370 611 370 496
line60:80 9 397 9
line61:222 711 222 655
line62:453 796 453 712
line63:129 319 130 276
line64:132 319 132 68
line65:455 796 455 712
line66:152 12 399 12
line67:112 703 112 568
line68:219 774 219 570
line69:112 353 113 454
line70:116 589 116 514
line71:215 765 217 632
line72:384 539 384 385
line73:112 514 112 542
line74:363 423 363 344
line75:96 223 96 137
line76:81 14 397 14
line77:156 511 156 376
line78:449 87 449 56
line79:36 238 36 49
line80:361 183 361 67
line81:224 583 224 457
line82:153 509 153 376
line83:365 775 365 704
line84:112 68 366 68
line85:24 638 24 536
line86:99 90 390 90
line87:363 183 367 66
line88:112 66 365 66
line89:37 79 37 50
line90:129 159 130 69
line91:80 11 159 11
line92:390 543 390 384
line93:462 247 462 138
line94:359 319 360 251
line95:256 514 259 685
line96:112 70 365 70
line97:454 438 454 410
line98:158 509 158 376
line99:217 771 331 775
line100:386 783 488 783
line101:118 766 118 569
line102:360 145 488 145
line103:216 638 217 571
line104:115 71 366 71
line105:248 88 249 127
line106:372 93 372 72
line107:385 778 488 778
line108:226 430 226 377
line109:14 783 101 782
line110:97 124 367 119
line111:96 88 390 88
line112:131 318 386 318
line113:448 663 450 789
line114:460 750 460 728
line115:134 319 134 93
line116:29 232 29 200
line117:96 93 385 93
line118:362 147 488 147
line119:362 151 488 151
line120:257 664 258 721
line121:112 124 364 124
line122:225 581 225 496
line123:113 537 117 766
line124:364 228 367 115
line125:217 773 294 775
line126:130 315 279 315
line127:113 365 116 471
line128:131 313 386 313
line129:24 673 26 782
line130:372 164 372 129
line131:360 216 488 216
line132:97 127 366 127
line133:28 222 28 200
line134:458 102 458 75
line135:261 606 261 433
line136:40 782 230 762
line137:0 221 130 221
line138:375 614 375 496
line139:360 736 487 736
line140:115 353 119 471
line141:122 771 225 762
line142:0 480 126 480
line143:0 149 131 149
line144:360 219 478 219
line145:258 543 258 572
line146:97 126 366 126
line147:456 751 456 728
line148:360 223 478 223
line149:155 104 223 107
line150:2 494 127 494
line151:393 8 455 63
line152:107 168 107 188
line153:97 109 244 111
line154:28 278 29 233
line155:360 205 483 205
line156:0 778 96 775
line157:372 350 372 312
line158:384 779 479 779
line159:2 741 119 741
line160:376 15 399 15
line161:260 775 260 654
line162:263 367 263 344
line163:392 492 478 492
line164:373 167 373 129
line165:116 104 118 237
line166:256 599 258 429
line167:377 428 488 428
line168:378 430 488 430
line169:242 123 245 81
line170:257 360 357 360
line171:268 429 268 345
line172:272 316 386 316
line173:0 485 126 485
line174:259 111 365 114
line175:37 517 37 425
line176:128 255 129 184
line177:0 144 135 144
line178:217 770 363 767
line179:384 271 386 137
line180:24 482 126 484
line181:32 59 70 17
line182:0 737 119 735
line183:440 486 488 485
line184:393 489 488 489
line185:26 426 119 426
line186:267 125 267 80
line187:298 118 362 117
line188:258 362 359 362
line189:362 260 362 204
line190:267 488 268 574
line191:0 424 118 424
line192:0 738 119 738
line193:376 13 398 13
line194:258 364 367 368
line195:360 200 488 200
line196:360 217 479 217
line197:362 201 366 65
line198:242 773 361 768
line199:130 224 131 111
line200:135 317 135 249
line201:221 602 222 654
line202:97 106 303 106
line203:114 353 118 471
line204:115 128 118 311
line205:394 10 462 73
line206:111 719 111 697
line207:99 223 99 200
line208:271 471 271 434
line209:460 102 460 73
line210:97 107 242 109
line211:454 87 454 56
line212:360 672 361 775
line213:31 358 31 200
line214:126 541 126 466
line215:35 48 100 8
line216:456 510 456 464
line217:24 148 135 146
line218:280 10 350 10
line219:226 582 226 458
line220:96 730 96 786
line221:360 206 488 206
line222:268 122 362 123
line223:216 772 296 768
line224:28 359 30 264
line225:221 415 225 360
line226:22 778 55 779
line227:263 606 263 512
line228:384 180 384 137
line229:417 781 478 781
line230:217 82 278 82
line231:381 439 381 385
line232:379 384 380 439
line233:33 785 99 778
line234:0 206 94 207
line235:259 348 367 348
line236:1 777 21 777
line237:377 95 377 72
line238:0 151 37 150
line239:35 60 86 8
line240:101 103 101 80
line241:256 693 257 775
line242:258 722 259 771
line243:373 613 373 560
line244:0 487 47 488
line245:168 541 230 578
line246:267 548 269 637
line247:298 364 359 365
line248:146 81 148 125
line249:256 354 331 345
line250:458 678 458 657
line251:424 425 488 424
line252:367 615 367 497
line253:167 505 169 550
line254:361 421 361 344
line255:2 781 86 777
line256:384 777 475 776
line257:372 615 372 496
line258:0 204 75 205
line259:454 221 454 201
line260:409 16 462 84
line261:362 164 363 116
line262:130 314 173 314
line263:27 431 118 431
line264:0 429 29 429
line265:22 202 95 202
line266:233 776 335 770
line267:165 360 166 381
line268:450 671 450 717
line269:364 258 364 230
line270:217 87 278 87
line271:441 481 488 480
line272:332 69 364 69
line273:171 521 172 550
line274:123 543 123 465
line275:41 40 94 8
line276:160 361 227 361
line277:441 743 485 740
line278:17 430 119 429
line279:216 639 218 774
line280:448 579 448 523
line281:198 767 225 764
line282:224 421 227 360
line283:70 497 99 496
line284:108 719 108 697
line285:266 547 266 516
line286:97 125 151 125
line287:455 495 455 408
line288:26 743 26 720
line289:326 112 367 112
line290:296 114 364 115
line291:256 352 373 350
line292:265 110 303 109
line293:14 217 70 216
line294:218 85 277 85
line295:360 213 360 158
line296:1 493 101 492
line297:425 741 480 737
line298:266 346 267 405
line299:448 167 453 64
line300:112 766 175 774
line301:385 8 462 75
line302:393 485 460 484
line303:223 123 223 91
line304:99 501 99 481
line305:377 8 399 8
line306:227 365 227 391
line307:397 483 488 481
line308:382 438 382 384
line309:113 617 114 730
line310:78 783 223 755
line311:417 494 479 493
line312:328 65 365 65
line313:114 569 115 623
line314:398 10 453 58
line315:163 360 165 382
line316:222 413 225 368
line317:23 736 25 782
line318:109 719 109 698
line319:376 94 376 73
line320:27 374 28 304
line321:25 500 97 502
line322:37 151 77 151
line323:165 504 165 525
line324:348 82 349 125
line325:385 677 385 656
line326:367 150 484 148
line327:116 356 119 428
line328:259 463 261 344
line329:26 222 101 223
line330:222 569 223 606
line331:25 499 127 499
line332:0 219 101 215
line333:256 346 323 345
line334:366 204 488 204
line335:104 191 104 168
line336:455 222 456 137
line337:238 769 275 768
line338:449 495 449 410
line339:192 69 214 69
line340:27 261 27 207
line341:105 190 105 168
line342:122 543 122 466
line343:222 125 223 81
line344:124 542 124 464
line345:360 214 398 213
line346:106 719 106 697
line347:385 739 458 737
line348:453 493 453 408
line349:452 226 488 227
line350:97 110 221 112
line351:0 491 121 487
line352:212 605 213 561
line353:30 428 30 352
line354:448 609 448 662
line355:398 16 450 63
line356:160 363 224 363
line357:80 15 102 15
line358:363 772 363 705
line359:130 775 222 759
line360:361 319 362 279
line361:360 632 361 519
line362:97 742 97 481
line363:127 543 127 464
line364:390 326 390 138
line365:258 402 260 345
line366:32 62 68 22
line367:151 80 152 122
line368:230 583 230 457
line369:462 103 462 72
line370:432 146 487 146
line371:386 323 386 170
line372:103 743 103 482
line373:80 146 130 145
line374:385 327 385 227
line375:210 604 211 561
line376:109 191 109 169
line377:97 123 221 119
line378:117 726 117 597
line379:414 16 456 89
line380:313 317 375 317
line381:26 223 26 200
line382:28 590 28 536
line383:346 84 383 86
line384:101 222 101 201
line385:120 543 120 511
line386:346 80 347 125
line387:37 219 95 218
line388:458 203 458 136
line389:170 362 222 358
line390:160 360 161 383
line391:80 13 101 13
line392:315 319 367 319
line393:281 8 350 8
line394:219 84 279 83
line395:264 361 265 397
line396:380 427 380 386
line397:41 42 82 8
line398:128 165 129 104
line399:266 639 266 577
line400:214 604 215 560
line401:0 782 68 782
line402:219 125 222 81
line403:213 607 214 565
line404:208 316 238 316
line405:328 763 360 761
line406:376 439 376 385
line407:394 11 455 64
line408:174 551 174 520
line409:121 541 121 482
line410:69 783 93 781
line411:469 231 469 202
line412:328 765 360 764
line413:0 780 86 780
line414:383 439 383 385
line415:130 312 173 312
line416:29 272 29 248
line417:344 349 375 349
line418:256 692 256 647
line419:201 125 279 125
line420:345 82 381 83
line421:116 67 140 67
line422:25 502 78 503
line423:116 674 116 702
line424:448 128 448 72
line425:466 510 466 480
line426:56 739 78 739
line427:168 764 251 768
line428:393 16 456 75
line429:217 774 246 779
line430:64 16 85 16
line431:449 190 452 115
line432:120 770 164 774
line433:454 743 487 743
line434:0 147 66 145
line435:460 679 460 656
line436:169 761 220 763
line437:33 776 34 796
line438:407 16 455 59
line439:264 344 266 399
line440:222 717 223 769
line441:114 762 175 772
line442:353 375 353 344
line443:262 123 269 80
line444:168 760 230 760
line445:41 50 101 8
line446:60 429 118 430
line447:441 487 488 487
line448:119 766 119 539
line449:110 191 110 168
line450:377 439 377 385
line451:448 504 487 505
line452:269 347 373 344
line453:25 660 26 682
line454:39 359 39 336
line455:27 428 27 388
line456:112 765 170 772
