line0:0 0 0 848
line1:0 72 0 848
line2:353 288 353 848
line3:201 528 201 848
line4:107 9 107 79
line5:243 495 243 449
line6:256 528 256 838
line7:272 215 272 178
line8:161 178 161 215
line9:263 335 263 288
line10:16 198 479 198
line11:151 2 151 111
line12:0 819 391 819
line13:40 305 476 305
line14:223 495 223 449
line15:433 437 494 437
line16:471 264 471 287
line17:25 264 25 287
line18:384 517 494 517
line19:376 834 494 834
line20:488 594 488 615
line21:184 451 287 451
line22:117 595 263 595
line23:203 520 203 551
line24:84 505 84 543
line25:458 424 458 445
line26:0 276 119 276
line27:0 689 71 689
line28:0 439 60 439
line29:172 520 172 559
line30:95 48 95 89
line31:387 355 494 355
line32:0 606 63 606
line33:113 421 137 421
line34:176 408 303 408
line35:433 601 494 601
line36:0 363 63 363
line37:191 576 191 606
line38:179 696 179 751
line39:150 481 150 501
line40:190 723 222 723
line41:176 408 176 454
line42:163 585 163 606
line43:433 683 494 683
line44:212 473 212 495
line45:0 764 69 764
line46:433 766 487 766
line47:281 494 281 472
line48:238 63 238 32
line49:211 321 211 288
line50:197 291 197 327
line51:412 358 412 328
line52:112 697 215 697
line53:368 135 368 114
line54:104 504 104 526
line55:113 387 140 387
line56:189 69 189 46
line57:446 272 484 272
line58:209 61 209 36
