line0:164 463 164 296
line1:76 830 76 320
line2:86 830 86 320
line3:327 416 334 831
line4:120 830 120 363
line5:80 830 80 320
line6:324 831 324 296
line7:123 830 123 257
line8:81 830 81 320
line9:163 497 165 651
line10:75 830 75 320
line11:117 830 117 457
line12:329 480 334 751
line13:167 463 167 296
line14:113 830 113 336
line15:372 238 372 185
line16:83 830 83 320
line17:124 830 124 257
line18:310 167 310 114
line19:323 831 323 296
line20:79 231 79 129
line21:309 463 311 336
line22:118 830 118 342
line23:308 462 308 297
line24:115 830 115 458
line25:112 830 112 457
line26:374 750 374 320
line27:306 831 306 497
line28:77 830 77 320
line29:212 831 212 496
line30:122 830 122 362
line31:246 830 246 498
line32:241 830 241 497
line33:305 831 305 496
line34:322 831 322 536
line35:304 297 307 462
line36:368 750 368 320
line37:137 296 143 389
line38:244 830 244 497
line39:335 831 335 649
line40:170 753 174 831
line41:242 830 242 496
line42:166 752 168 830
line43:320 831 320 536
line44:211 830 211 496
line45:167 728 170 831
line46:58 225 60 334
line47:208 831 208 496
line48:167 602 167 546
line49:160 81 190 81
line50:59 226 319 226
line51:210 831 210 497
line52:373 431 373 320
line53:323 128 326 182
line54:310 714 311 601
line55:308 831 311 658
line56:57 227 390 233
line57:54 80 103 87
line58:330 394 335 562
line59:89 257 407 257
line60:369 430 369 320
line61:163 628 166 830
line62:90 259 294 259
line63:346 187 444 189
line64:156 825 228 826
line65:185 224 238 224
line66:88 262 407 262
line67:297 150 414 150
line68:89 307 406 307
line69:161 73 287 78
line70:56 229 221 231
line71:375 239 375 185
line72:328 291 406 287
line73:56 334 365 334
line74:97 135 157 129
line75:27 139 107 128
line76:337 80 443 82
line77:65 87 85 87
line78:54 174 54 129
line79:125 830 125 760
line80:297 136 360 133
line81:89 305 406 305
line82:371 430 371 320
line83:161 75 294 80
line84:89 297 406 297
line85:312 296 406 296
line86:56 183 183 183
line87:89 301 277 301
line88:55 174 55 129
line89:89 303 406 303
line90:372 831 372 320
line91:167 72 286 74
line92:24 823 119 818
line93:58 331 366 331
line94:289 134 352 130
line95:344 184 444 186
line96:264 89 295 88
line97:256 86 293 86
line98:272 112 302 109
line99:210 117 302 102
line100:114 814 438 814
line101:325 541 325 300
line102:54 270 56 332
line103:34 151 148 149
line104:341 792 341 831
line105:52 327 52 232
line106:73 231 73 129
line107:336 83 364 83
line108:89 299 406 299
line109:275 118 347 135
line110:26 135 75 129
line111:352 829 444 829
line112:395 86 444 86
line113:247 830 247 496
line114:67 80 111 87
line115:310 657 311 545
line116:336 84 415 87
line117:114 812 439 812
line118:328 298 330 382
line119:255 56 322 182
line120:327 260 331 357
line121:79 830 79 320
line122:125 147 224 48
line123:224 107 303 104
line124:89 310 406 310
line125:344 188 431 191
line126:114 808 222 808
line127:217 809 438 809
line128:116 462 116 280
line129:8 82 50 80
line130:329 144 415 151
line131:34 793 175 793
line132:128 37 206 0
line133:345 184 430 184
line134:257 828 398 824
line135:216 349 335 353
line136:288 260 407 260
line137:120 44 222 1
line138:162 497 165 689
line139:337 82 443 84
line140:161 78 290 80
line141:57 182 181 182
line142:329 804 431 806
line143:56 326 56 225
line144:283 119 311 117
line145:128 35 200 0
line146:176 66 249 56
line147:57 329 365 329
line148:370 487 370 457
line149:328 803 430 805
line150:33 147 151 147
line151:131 134 159 132
line152:184 61 237 50
line153:252 56 315 173
line154:258 59 324 183
line155:137 463 137 306
line156:57 178 183 178
line157:74 830 74 786
line158:348 135 421 134
line159:120 134 158 130
line160:354 828 442 827
line161:257 831 442 831
line162:260 111 302 105
line163:127 803 264 777
line164:104 176 180 177
line165:288 330 366 330
line166:102 82 169 8
line167:65 348 334 348
line168:416 104 439 105
line169:208 115 303 100
line170:144 109 239 54
line171:119 462 119 281
line172:228 0 326 40
line173:355 258 406 258
line174:89 134 159 127
line175:49 175 49 129
line176:272 298 406 298
line177:78 447 78 416
line178:57 230 164 231
line179:75 231 78 144
line180:152 92 183 92
line181:201 120 230 118
line182:130 128 159 125
line183:156 830 326 825
line184:264 92 295 94
line185:27 131 58 129
line186:67 792 67 831
line187:71 231 71 185
line188:325 813 439 813
line189:64 344 335 344
line190:121 805 151 805
line191:273 8 366 86
line192:176 781 375 795
line193:60 189 61 129
line194:22 73 24 140
line195:373 146 415 145
line196:140 463 334 463
line197:59 335 61 225
line198:32 146 151 144
line199:352 824 443 826
line200:126 779 332 776
line201:276 64 327 183
line202:314 234 390 234
line203:312 237 390 237
line204:201 0 302 18
line205:56 181 87 181
line206:330 661 334 554
line207:160 85 191 85
line208:48 832 109 830
line209:58 180 182 180
line210:49 325 49 287
line211:9 83 31 85
line212:33 795 121 795
line213:275 8 334 57
line214:136 458 334 458
line215:136 461 306 461
line216:210 50 279 69
line217:399 248 402 359
line218:214 63 262 57
line219:153 91 181 89
line220:49 271 49 232
line221:361 130 386 133
line222:336 86 360 86
line223:328 802 429 801
line224:64 346 335 346
line225:122 41 214 0
line226:152 98 174 101
line227:89 296 278 296
line228:208 118 231 117
line229:57 225 140 224
line230:330 750 334 648
line231:129 148 151 148
line232:310 601 310 569
line233:328 49 328 70
line234:325 815 438 815
line235:152 93 181 95
line236:24 82 65 82
line237:48 828 73 828
line238:167 650 167 706
line239:212 113 302 99
line240:417 110 439 109
line241:231 0 318 33
line242:298 147 415 149
line243:110 825 191 824
line244:151 782 375 797
line245:66 350 223 350
line246:257 83 295 81
line247:251 787 332 780
line248:227 109 308 116
line249:59 249 59 224
line250:289 132 326 132
line251:79 80 110 82
line252:321 811 438 811
line253:337 810 438 810
line254:71 347 95 306
line255:96 87 152 16
line256:333 280 407 349
line257:273 64 325 182
line258:127 719 127 691
line259:403 313 405 359
line260:256 84 295 83
line261:330 464 330 422
line262:211 311 363 311
line263:216 66 262 60
line264:208 304 406 304
line265:25 817 116 817
line266:121 807 150 807
line267:340 792 340 825
line268:416 116 442 114
line269:369 222 406 268
line270:51 85 118 76
line271:417 118 444 118
line272:162 181 209 114
line273:69 349 69 320
line274:102 799 240 783
line275:161 505 332 496
line276:392 130 421 129
line277:165 73 286 75
line278:27 127 86 134
line279:208 309 406 309
line280:288 120 309 120
line281:226 104 254 105
line282:208 306 406 306
line283:288 335 367 335
line284:24 818 78 818
line285:288 131 327 129
line286:305 167 374 191
line287:256 69 276 69
line288:234 62 263 59
line289:24 143 33 80
line290:369 239 369 186
line291:256 65 278 64
line292:187 0 299 18
line293:328 800 430 800
line294:165 181 210 114
line295:141 462 141 298
line296:321 323 407 322
line297:330 806 439 808
line298:126 63 126 40
line299:153 97 175 96
line300:273 96 302 96
line301:119 830 146 830
line302:145 108 167 108
line303:200 791 332 777
line304:225 791 334 786
line305:161 765 214 764
line306:64 351 252 351
line307:382 225 391 291
line308:240 760 332 760
line309:284 73 322 151
line310:209 308 406 308
line311:80 129 102 130
line312:108 128 155 135
line313:169 752 171 831
line314:74 231 74 134
line315:42 85 78 80
line316:139 462 139 336
line317:334 505 334 283
line318:328 661 328 531
line319:257 67 279 67
line320:258 70 286 72
line321:279 10 335 55
line322:166 497 167 545
line323:53 132 53 174
line324:32 799 175 799
line325:305 24 334 53
line326:288 328 367 328
line327:24 816 119 816
line328:370 808 370 784
line329:336 81 366 81
line330:371 830 375 769
line331:8 93 30 97
line332:94 87 145 24
line333:97 828 209 827
line334:176 160 208 113
line335:281 229 318 228
line336:164 507 165 563
line337:185 58 231 66
line338:273 68 321 175
line339:327 415 327 301
line340:288 21 361 86
line341:70 134 157 124
line342:264 94 294 95
line343:58 188 58 132
line344:340 144 390 144
line345:258 104 309 115
line346:128 151 151 151
line347:240 762 332 762
line348:406 358 406 259
line349:227 75 239 55
line350:354 327 403 327
line351:233 229 268 229
line352:329 284 359 285
line353:288 130 343 135
line354:251 11 302 19
line355:57 332 58 265
line356:344 87 368 86
line357:186 1 219 7
line358:321 325 407 327
line359:385 317 407 338
line360:67 86 118 73
line361:163 627 163 575
line362:127 367 127 280
line363:171 767 214 767
line364:72 796 114 797
line365:153 88 182 88
line366:60 224 60 258
line367:166 181 228 105
line368:299 142 354 151
line369:32 792 174 792
line370:213 831 286 828
line371:184 63 207 63
line372:186 57 237 55
line373:274 119 295 116
line374:37 823 116 823
line375:273 112 301 110
line376:164 83 184 87
line377:61 332 182 332
line378:144 107 167 107
line379:208 0 302 17
line380:176 157 194 129
line381:151 30 170 9
line382:344 226 397 248
line383:353 263 407 263
line384:272 116 311 121
line385:308 679 308 623
line386:408 80 440 81
line387:143 462 143 298
line388:264 91 294 91
line389:126 804 149 803
line390:114 765 135 765
line391:173 831 291 825
line392:343 806 407 806
line393:240 765 332 766
line394:177 780 321 777
line395:144 106 183 94
line396:288 333 367 333
line397:208 48 238 52
line398:101 82 154 16
line399:244 0 273 23
line400:401 359 402 313
line401:65 830 65 797
line402:64 86 119 79
line403:112 311 125 341
line404:152 102 174 103
line405:312 173 374 193
line406:296 16 351 84
line407:8 75 41 85
line408:329 286 358 285
line409:230 108 271 109
line410:361 133 422 132
line411:177 93 177 68
line412:245 787 332 778
line413:125 589 125 538
line414:381 224 391 295
line415:272 21 311 25
line416:304 460 307 332
line417:250 58 280 115
line418:12 89 32 80
line419:375 431 375 346
line420:167 603 167 649
line421:67 228 68 184
line422:209 503 332 503
line423:30 80 32 159
line424:87 134 107 132
line425:259 108 287 97
line426:331 752 373 749
line427:88 321 125 321
line428:63 335 63 315
line429:82 821 114 821
line430:89 261 111 261
line431:42 164 66 134
line432:64 797 64 824
line433:417 825 443 824
line434:364 151 408 151
line435:312 302 404 302
line436:64 231 66 186
line437:165 460 165 345
line438:176 166 213 112
line439:270 779 319 779
line440:32 797 78 797
line441:121 309 121 282
line442:136 135 159 133
line443:163 717 164 828
line444:53 324 55 265
line445:279 68 328 183
line446:154 31 174 8
line447:57 177 94 176
line448:415 82 418 142
line449:58 330 183 330
line450:214 497 332 499
line451:195 143 211 119
line452:225 109 298 107
line453:250 12 303 21
line454:220 0 274 10
line455:320 55 342 75
line456:370 431 370 320
line457:163 777 219 777
line458:388 224 404 276
line459:393 186 441 191
line460:304 794 375 799
line461:88 322 125 322
line462:49 826 109 825
line463:184 59 258 76
line464:121 45 206 2
line465:233 60 258 56
line466:170 11 252 0
line467:142 150 176 67
line468:385 224 391 272
line469:347 225 365 279
line470:213 825 286 824
line471:121 802 150 800
line472:329 281 359 280
line473:330 801 379 802
line474:307 797 308 688
line475:385 269 390 324
line476:273 115 305 117
line477:383 225 391 281
line478:28 137 28 80
line479:320 322 407 320
line480:114 383 114 284
line481:162 459 163 392
line482:164 499 256 499
line483:416 112 444 115
line484:34 156 77 144
line485:257 788 332 783
line486:36 159 60 129
line487:272 114 311 112
line488:112 134 158 123
line489:330 282 331 350
line490:164 497 332 500
line491:67 347 67 320
line492:252 58 314 174
line493:332 601 332 480
line494:265 90 295 92
line495:380 224 391 314
line496:336 827 369 826
line497:160 761 215 761
line498:308 113 331 183
line499:95 335 95 256
line500:126 815 126 760
line501:278 98 302 98
line502:13 91 34 80
line503:344 794 373 794
line504:25 133 67 129
line505:185 228 238 228
line506:250 72 278 72
line507:126 145 150 145
line508:419 117 441 116
line509:225 72 286 89
line510:311 392 311 423
line511:104 84 157 19
line512:165 82 186 83
line513:24 820 70 820
line514:350 224 407 259
line515:37 154 63 129
line516:418 120 444 119
line517:33 149 67 145
line518:294 20 322 43
line519:231 107 273 106
line520:371 808 375 747
line521:293 127 320 128
line522:273 791 334 788
line523:58 328 125 326
line524:213 48 239 48
line525:160 77 206 77
line526:270 8 340 71
line527:417 105 437 108
line528:308 799 364 797
line529:116 813 223 813
line530:310 26 335 53
line531:160 763 213 763
line532:40 145 72 144
line533:176 64 239 53
line534:322 320 405 321
line535:144 110 166 110
line536:72 444 72 416
line537:171 790 228 783
line538:34 153 95 144
line539:329 287 404 290
line540:344 147 414 144
line541:89 335 89 263
line542:229 72 256 76
line543:316 134 318 174
line544:76 175 77 146
line545:34 794 34 819
line546:90 256 111 256
line547:352 317 407 315
line548:312 169 349 179
line549:419 96 419 140
line550:89 87 110 83
line551:69 227 69 184
line552:352 316 405 314
line553:422 96 423 140
line554:402 261 403 358
line555:62 188 62 129
line556:160 72 191 71
line557:136 28 189 3
line558:48 324 125 324
line559:278 97 302 97
line560:209 52 260 59
line561:344 231 366 314
line562:135 33 198 1
line563:54 269 55 232
line564:93 335 93 260
line565:305 165 351 178
line566:25 821 55 821
line567:310 794 373 792
line568:213 513 215 560
line569:91 335 91 264
line570:272 74 321 183
line571:145 796 257 783
line572:164 79 191 80
line573:315 146 344 151
line574:224 105 273 104
line575:360 270 367 294
line576:296 791 332 789
line577:323 179 374 194
line578:187 61 237 51
line579:224 349 335 351
line580:408 85 442 85
line581:158 31 199 6
line582:217 347 255 347
line583:37 794 37 819
line584:307 501 308 578
line585:308 792 334 790
line586:186 56 238 49
line587:61 335 61 312
line588:163 84 187 82
line589:344 229 388 227
