line0:216 59 679 59
line1:840 72 840 591
line2:16 56 16 599
line3:626 60 626 574
line4:256 88 256 622
line5:16 582 846 582
line6:240 57 240 622
line7:585 184 585 455
line8:168 622 711 622
line9:600 152 600 519
line10:24 81 847 81
line11:287 621 287 568
line12:240 450 647 450
line13:297 144 297 455
line14:464 224 464 581
line15:417 216 417 593
line16:521 184 521 455
line17:304 153 607 153
line18:297 593 297 568
line19:264 435 646 435
line20:472 228 534 228
line21:584 227 646 227
line22:280 221 431 221
line23:672 58 672 86
line24:689 576 689 630
line25:529 189 603 189
