rect0s1:[40, 91] [320, 91]
rect0s2:[320, 91] [320, 544]
rect0s3:[320, 544] [40, 544]
rect0s4:[40, 544] [40, 91]
rect1s1:[40, 91] [320, 91]
rect1s2:[320, 91] [320, 564]
rect1s3:[320, 564] [40, 564]
rect1s4:[40, 564] [40, 91]
rect2s1:[40, 75] [320, 75]
rect2s2:[320, 75] [320, 544]
rect2s3:[320, 544] [40, 544]
rect2s4:[40, 544] [40, 75]
rect3s1:[40, 75] [320, 75]
rect3s2:[320, 75] [320, 564]
rect3s3:[320, 564] [40, 564]
rect3s4:[40, 564] [40, 75]
rect4s1:[40, 59] [320, 59]
rect4s2:[320, 59] [320, 544]
rect4s3:[320, 544] [40, 544]
rect4s4:[40, 544] [40, 59]
rect5s1:[40, 59] [320, 59]
rect5s2:[320, 59] [320, 564]
rect5s3:[320, 564] [40, 564]
rect5s4:[40, 564] [40, 59]
rect6s1:[40, 43] [320, 43]
rect6s2:[320, 43] [320, 544]
rect6s3:[320, 544] [40, 544]
rect6s4:[40, 544] [40, 43]
rect7s1:[40, 43] [320, 43]
rect7s2:[320, 43] [320, 564]
rect7s3:[320, 564] [40, 564]
rect7s4:[40, 564] [40, 43]
rect8s1:[305, 163] [96, 163]
rect8s2:[96, 163] [96, 544]
rect8s3:[96, 544] [305, 544]
rect8s4:[305, 544] [305, 163]
rect9s1:[305, 163] [96, 163]
rect9s2:[96, 163] [96, 183]
rect9s3:[96, 183] [305, 183]
rect9s4:[305, 183] [305, 163]
rect10s1:[305, 163] [96, 163]
rect10s2:[96, 163] [96, 600]
rect10s3:[96, 600] [305, 600]
rect10s4:[305, 600] [305, 163]
rect11s1:[305, 163] [96, 163]
rect11s2:[96, 163] [96, 564]
rect11s3:[96, 564] [305, 564]
rect11s4:[305, 564] [305, 163]
rect12s1:[305, 163] [96, 163]
rect12s2:[96, 163] [96, 307]
rect12s3:[96, 307] [305, 307]
rect12s4:[305, 307] [305, 163]
rect13s1:[305, 163] [96, 163]
rect13s2:[96, 163] [96, 333]
rect13s3:[96, 333] [305, 333]
rect13s4:[305, 333] [305, 163]
rect14s1:[305, 183] [96, 183]
rect14s2:[96, 183] [96, 544]
rect14s3:[96, 544] [305, 544]
rect14s4:[305, 544] [305, 183]
rect15s1:[305, 307] [96, 307]
rect15s2:[96, 307] [96, 544]
rect15s3:[96, 544] [305, 544]
rect15s4:[305, 544] [305, 307]
rect16s1:[305, 333] [96, 333]
rect16s2:[96, 333] [96, 544]
rect16s3:[96, 544] [305, 544]
rect16s4:[305, 544] [305, 333]
rect17s1:[305, 183] [96, 183]
rect17s2:[96, 183] [96, 600]
rect17s3:[96, 600] [305, 600]
rect17s4:[305, 600] [305, 183]
rect18s1:[305, 183] [96, 183]
rect18s2:[96, 183] [96, 564]
rect18s3:[96, 564] [305, 564]
rect18s4:[305, 564] [305, 183]
rect19s1:[305, 183] [96, 183]
rect19s2:[96, 183] [96, 307]
rect19s3:[96, 307] [305, 307]
rect19s4:[305, 307] [305, 183]
rect20s1:[305, 183] [96, 183]
rect20s2:[96, 183] [96, 333]
rect20s3:[96, 333] [305, 333]
rect20s4:[305, 333] [305, 183]
rect21s1:[305, 307] [96, 307]
rect21s2:[96, 307] [96, 600]
rect21s3:[96, 600] [305, 600]
rect21s4:[305, 600] [305, 307]
rect22s1:[305, 333] [96, 333]
rect22s2:[96, 333] [96, 600]
rect22s3:[96, 600] [305, 600]
rect22s4:[305, 600] [305, 333]
rect23s1:[305, 307] [96, 307]
rect23s2:[96, 307] [96, 564]
rect23s3:[96, 564] [305, 564]
rect23s4:[305, 564] [305, 307]
rect24s1:[305, 333] [96, 333]
rect24s2:[96, 333] [96, 564]
rect24s3:[96, 564] [305, 564]
rect24s4:[305, 564] [305, 333]
rect25s1:[305, 163] [320, 163]
rect25s2:[320, 163] [320, 544]
rect25s3:[320, 544] [305, 544]
rect25s4:[305, 544] [305, 163]
rect26s1:[305, 163] [320, 163]
rect26s2:[320, 163] [320, 600]
rect26s3:[320, 600] [305, 600]
rect26s4:[305, 600] [305, 163]
rect27s1:[305, 163] [320, 163]
rect27s2:[320, 163] [320, 564]
rect27s3:[320, 564] [305, 564]
rect27s4:[305, 564] [305, 163]
rect28s1:[305, 163] [320, 163]
rect28s2:[320, 163] [320, 645]
rect28s3:[320, 645] [305, 645]
rect28s4:[305, 645] [305, 163]
rect29s1:[305, 163] [190, 163]
rect29s2:[190, 163] [190, 544]
rect29s3:[190, 544] [305, 544]
rect29s4:[305, 544] [305, 163]
rect30s1:[305, 163] [190, 163]
rect30s2:[190, 163] [190, 600]
rect30s3:[190, 600] [305, 600]
rect30s4:[305, 600] [305, 163]
rect31s1:[305, 163] [190, 163]
rect31s2:[190, 163] [190, 564]
rect31s3:[190, 564] [305, 564]
rect31s4:[305, 564] [305, 163]
rect32s1:[305, 163] [190, 163]
rect32s2:[190, 163] [190, 307]
rect32s3:[190, 307] [305, 307]
rect32s4:[305, 307] [305, 163]
rect33s1:[305, 163] [190, 163]
rect33s2:[190, 163] [190, 333]
rect33s3:[190, 333] [305, 333]
rect33s4:[305, 333] [305, 163]
rect34s1:[305, 183] [190, 183]
rect34s2:[190, 183] [190, 544]
rect34s3:[190, 544] [305, 544]
rect34s4:[305, 544] [305, 183]
rect35s1:[305, 183] [190, 183]
rect35s2:[190, 183] [190, 600]
rect35s3:[190, 600] [305, 600]
rect35s4:[305, 600] [305, 183]
rect36s1:[305, 183] [190, 183]
rect36s2:[190, 183] [190, 564]
rect36s3:[190, 564] [305, 564]
rect36s4:[305, 564] [305, 183]
rect37s1:[305, 183] [190, 183]
rect37s2:[190, 183] [190, 307]
rect37s3:[190, 307] [305, 307]
rect37s4:[305, 307] [305, 183]
rect38s1:[305, 183] [190, 183]
rect38s2:[190, 183] [190, 333]
rect38s3:[190, 333] [305, 333]
rect38s4:[305, 333] [305, 183]
rect39s1:[305, 163] [281, 163]
rect39s2:[281, 163] [281, 544]
rect39s3:[281, 544] [305, 544]
rect39s4:[305, 544] [305, 163]
rect40s1:[305, 163] [281, 163]
rect40s2:[281, 163] [281, 600]
rect40s3:[281, 600] [305, 600]
rect40s4:[305, 600] [305, 163]
rect41s1:[305, 163] [281, 163]
rect41s2:[281, 163] [281, 564]
rect41s3:[281, 564] [305, 564]
rect41s4:[305, 564] [305, 163]
rect42s1:[305, 183] [281, 183]
rect42s2:[281, 183] [281, 600]
rect42s3:[281, 600] [305, 600]
rect42s4:[305, 600] [305, 183]
rect43s1:[305, 183] [281, 183]
rect43s2:[281, 183] [281, 564]
rect43s3:[281, 564] [305, 564]
rect43s4:[305, 564] [305, 183]
rect44s1:[305, 163] [112, 163]
rect44s2:[112, 163] [112, 544]
rect44s3:[112, 544] [305, 544]
rect44s4:[305, 544] [305, 163]
rect45s1:[305, 163] [112, 163]
rect45s2:[112, 163] [112, 600]
rect45s3:[112, 600] [305, 600]
rect45s4:[305, 600] [305, 163]
rect46s1:[305, 163] [112, 163]
rect46s2:[112, 163] [112, 564]
rect46s3:[112, 564] [305, 564]
rect46s4:[305, 564] [305, 163]
rect47s1:[305, 163] [112, 163]
rect47s2:[112, 163] [112, 307]
rect47s3:[112, 307] [305, 307]
rect47s4:[305, 307] [305, 163]
rect48s1:[305, 163] [112, 163]
rect48s2:[112, 163] [112, 333]
rect48s3:[112, 333] [305, 333]
rect48s4:[305, 333] [305, 163]
rect49s1:[305, 183] [112, 183]
rect49s2:[112, 183] [112, 544]
rect49s3:[112, 544] [305, 544]
rect49s4:[305, 544] [305, 183]
rect50s1:[305, 307] [112, 307]
rect50s2:[112, 307] [112, 544]
rect50s3:[112, 544] [305, 544]
rect50s4:[305, 544] [305, 307]
rect51s1:[305, 333] [112, 333]
rect51s2:[112, 333] [112, 544]
rect51s3:[112, 544] [305, 544]
rect51s4:[305, 544] [305, 333]
rect52s1:[305, 183] [112, 183]
rect52s2:[112, 183] [112, 600]
rect52s3:[112, 600] [305, 600]
rect52s4:[305, 600] [305, 183]
rect53s1:[305, 183] [112, 183]
rect53s2:[112, 183] [112, 564]
rect53s3:[112, 564] [305, 564]
rect53s4:[305, 564] [305, 183]
rect54s1:[305, 183] [112, 183]
rect54s2:[112, 183] [112, 307]
rect54s3:[112, 307] [305, 307]
rect54s4:[305, 307] [305, 183]
rect55s1:[305, 183] [112, 183]
rect55s2:[112, 183] [112, 333]
rect55s3:[112, 333] [305, 333]
rect55s4:[305, 333] [305, 183]
rect56s1:[305, 307] [112, 307]
rect56s2:[112, 307] [112, 600]
rect56s3:[112, 600] [305, 600]
rect56s4:[305, 600] [305, 307]
rect57s1:[305, 333] [112, 333]
rect57s2:[112, 333] [112, 600]
rect57s3:[112, 600] [305, 600]
rect57s4:[305, 600] [305, 333]
rect58s1:[305, 307] [112, 307]
rect58s2:[112, 307] [112, 564]
rect58s3:[112, 564] [305, 564]
rect58s4:[305, 564] [305, 307]
rect59s1:[305, 333] [112, 333]
rect59s2:[112, 333] [112, 564]
rect59s3:[112, 564] [305, 564]
rect59s4:[305, 564] [305, 333]
rect60s1:[305, 307] [129, 307]
rect60s2:[129, 307] [129, 333]
rect60s3:[129, 333] [305, 333]
rect60s4:[305, 333] [305, 307]
rect61s1:[96, 163] [320, 163]
rect61s2:[320, 163] [320, 544]
rect61s3:[320, 544] [96, 544]
rect61s4:[96, 544] [96, 163]
rect62s1:[96, 163] [320, 163]
rect62s2:[320, 163] [320, 600]
rect62s3:[320, 600] [96, 600]
rect62s4:[96, 600] [96, 163]
rect63s1:[96, 163] [320, 163]
rect63s2:[320, 163] [320, 564]
rect63s3:[320, 564] [96, 564]
rect63s4:[96, 564] [96, 163]
rect64s1:[96, 163] [190, 163]
rect64s2:[190, 163] [190, 544]
rect64s3:[190, 544] [96, 544]
rect64s4:[96, 544] [96, 163]
rect65s1:[96, 163] [190, 163]
rect65s2:[190, 163] [190, 600]
rect65s3:[190, 600] [96, 600]
rect65s4:[96, 600] [96, 163]
rect66s1:[96, 163] [190, 163]
rect66s2:[190, 163] [190, 564]
rect66s3:[190, 564] [96, 564]
rect66s4:[96, 564] [96, 163]
rect67s1:[96, 163] [190, 163]
rect67s2:[190, 163] [190, 307]
rect67s3:[190, 307] [96, 307]
rect67s4:[96, 307] [96, 163]
rect68s1:[96, 163] [190, 163]
rect68s2:[190, 163] [190, 333]
rect68s3:[190, 333] [96, 333]
rect68s4:[96, 333] [96, 163]
rect69s1:[96, 163] [190, 163]
rect69s2:[190, 163] [190, 248]
rect69s3:[190, 248] [96, 248]
rect69s4:[96, 248] [96, 163]
rect70s1:[96, 183] [190, 183]
rect70s2:[190, 183] [190, 544]
rect70s3:[190, 544] [96, 544]
rect70s4:[96, 544] [96, 183]
rect71s1:[96, 248] [190, 248]
rect71s2:[190, 248] [190, 544]
rect71s3:[190, 544] [96, 544]
rect71s4:[96, 544] [96, 248]
rect72s1:[96, 183] [190, 183]
rect72s2:[190, 183] [190, 600]
rect72s3:[190, 600] [96, 600]
rect72s4:[96, 600] [96, 183]
rect73s1:[96, 183] [190, 183]
rect73s2:[190, 183] [190, 564]
rect73s3:[190, 564] [96, 564]
rect73s4:[96, 564] [96, 183]
rect74s1:[96, 183] [190, 183]
rect74s2:[190, 183] [190, 307]
rect74s3:[190, 307] [96, 307]
rect74s4:[96, 307] [96, 183]
rect75s1:[96, 183] [190, 183]
rect75s2:[190, 183] [190, 333]
rect75s3:[190, 333] [96, 333]
rect75s4:[96, 333] [96, 183]
rect76s1:[96, 183] [190, 183]
rect76s2:[190, 183] [190, 248]
rect76s3:[190, 248] [96, 248]
rect76s4:[96, 248] [96, 183]
rect77s1:[96, 248] [190, 248]
rect77s2:[190, 248] [190, 600]
rect77s3:[190, 600] [96, 600]
rect77s4:[96, 600] [96, 248]
rect78s1:[96, 248] [190, 248]
rect78s2:[190, 248] [190, 564]
rect78s3:[190, 564] [96, 564]
rect78s4:[96, 564] [96, 248]
rect79s1:[96, 248] [190, 248]
rect79s2:[190, 248] [190, 307]
rect79s3:[190, 307] [96, 307]
rect79s4:[96, 307] [96, 248]
rect80s1:[96, 248] [190, 248]
rect80s2:[190, 248] [190, 333]
rect80s3:[190, 333] [96, 333]
rect80s4:[96, 333] [96, 248]
rect81s1:[96, 163] [281, 163]
rect81s2:[281, 163] [281, 544]
rect81s3:[281, 544] [96, 544]
rect81s4:[96, 544] [96, 163]
rect82s1:[96, 163] [281, 163]
rect82s2:[281, 163] [281, 600]
rect82s3:[281, 600] [96, 600]
rect82s4:[96, 600] [96, 163]
rect83s1:[96, 163] [281, 163]
rect83s2:[281, 163] [281, 564]
rect83s3:[281, 564] [96, 564]
rect83s4:[96, 564] [96, 163]
rect84s1:[96, 163] [281, 163]
rect84s2:[281, 163] [281, 307]
rect84s3:[281, 307] [96, 307]
rect84s4:[96, 307] [96, 163]
rect85s1:[96, 163] [281, 163]
rect85s2:[281, 163] [281, 333]
rect85s3:[281, 333] [96, 333]
rect85s4:[96, 333] [96, 163]
rect86s1:[96, 183] [281, 183]
rect86s2:[281, 183] [281, 544]
rect86s3:[281, 544] [96, 544]
rect86s4:[96, 544] [96, 183]
rect87s1:[96, 307] [281, 307]
rect87s2:[281, 307] [281, 544]
rect87s3:[281, 544] [96, 544]
rect87s4:[96, 544] [96, 307]
rect88s1:[96, 333] [281, 333]
rect88s2:[281, 333] [281, 544]
rect88s3:[281, 544] [96, 544]
rect88s4:[96, 544] [96, 333]
rect89s1:[96, 183] [281, 183]
rect89s2:[281, 183] [281, 600]
rect89s3:[281, 600] [96, 600]
rect89s4:[96, 600] [96, 183]
rect90s1:[96, 183] [281, 183]
rect90s2:[281, 183] [281, 564]
rect90s3:[281, 564] [96, 564]
rect90s4:[96, 564] [96, 183]
rect91s1:[96, 183] [281, 183]
rect91s2:[281, 183] [281, 307]
rect91s3:[281, 307] [96, 307]
rect91s4:[96, 307] [96, 183]
rect92s1:[96, 183] [281, 183]
rect92s2:[281, 183] [281, 333]
rect92s3:[281, 333] [96, 333]
rect92s4:[96, 333] [96, 183]
rect93s1:[96, 307] [281, 307]
rect93s2:[281, 307] [281, 600]
rect93s3:[281, 600] [96, 600]
rect93s4:[96, 600] [96, 307]
rect94s1:[96, 333] [281, 333]
rect94s2:[281, 333] [281, 600]
rect94s3:[281, 600] [96, 600]
rect94s4:[96, 600] [96, 333]
rect95s1:[96, 307] [281, 307]
rect95s2:[281, 307] [281, 564]
rect95s3:[281, 564] [96, 564]
rect95s4:[96, 564] [96, 307]
rect96s1:[96, 333] [281, 333]
rect96s2:[281, 333] [281, 564]
rect96s3:[281, 564] [96, 564]
rect96s4:[96, 564] [96, 333]
rect97s1:[96, 163] [112, 163]
rect97s2:[112, 163] [112, 544]
rect97s3:[112, 544] [96, 544]
rect97s4:[96, 544] [96, 163]
rect98s1:[96, 163] [112, 163]
rect98s2:[112, 163] [112, 600]
rect98s3:[112, 600] [96, 600]
rect98s4:[96, 600] [96, 163]
rect99s1:[96, 163] [112, 163]
rect99s2:[112, 163] [112, 564]
rect99s3:[112, 564] [96, 564]
rect99s4:[96, 564] [96, 163]
rect100s1:[96, 183] [112, 183]
rect100s2:[112, 183] [112, 600]
rect100s3:[112, 600] [96, 600]
rect100s4:[96, 600] [96, 183]
rect101s1:[96, 183] [112, 183]
rect101s2:[112, 183] [112, 564]
rect101s3:[112, 564] [96, 564]
rect101s4:[96, 564] [96, 183]
rect102s1:[320, 163] [190, 163]
rect102s2:[190, 163] [190, 544]
rect102s3:[190, 544] [320, 544]
rect102s4:[320, 544] [320, 163]
rect103s1:[320, 163] [190, 163]
rect103s2:[190, 163] [190, 600]
rect103s3:[190, 600] [320, 600]
rect103s4:[320, 600] [320, 163]
rect104s1:[320, 163] [190, 163]
rect104s2:[190, 163] [190, 564]
rect104s3:[190, 564] [320, 564]
rect104s4:[320, 564] [320, 163]
rect105s1:[320, 163] [281, 163]
rect105s2:[281, 163] [281, 544]
rect105s3:[281, 544] [320, 544]
rect105s4:[320, 544] [320, 163]
rect106s1:[320, 163] [281, 163]
rect106s2:[281, 163] [281, 600]
rect106s3:[281, 600] [320, 600]
rect106s4:[320, 600] [320, 163]
rect107s1:[320, 163] [281, 163]
rect107s2:[281, 163] [281, 564]
rect107s3:[281, 564] [320, 564]
rect107s4:[320, 564] [320, 163]
rect108s1:[320, 163] [112, 163]
rect108s2:[112, 163] [112, 544]
rect108s3:[112, 544] [320, 544]
rect108s4:[320, 544] [320, 163]
rect109s1:[320, 163] [112, 163]
rect109s2:[112, 163] [112, 600]
rect109s3:[112, 600] [320, 600]
rect109s4:[320, 600] [320, 163]
rect110s1:[320, 163] [112, 163]
rect110s2:[112, 163] [112, 564]
rect110s3:[112, 564] [320, 564]
rect110s4:[320, 564] [320, 163]
rect111s1:[320, 43] [78, 43]
rect111s2:[78, 43] [78, 91]
rect111s3:[78, 91] [320, 91]
rect111s4:[320, 91] [320, 43]
rect112s1:[190, 163] [281, 163]
rect112s2:[281, 163] [281, 544]
rect112s3:[281, 544] [190, 544]
rect112s4:[190, 544] [190, 163]
rect113s1:[190, 163] [281, 163]
rect113s2:[281, 163] [281, 600]
rect113s3:[281, 600] [190, 600]
rect113s4:[190, 600] [190, 163]
rect114s1:[190, 163] [281, 163]
rect114s2:[281, 163] [281, 564]
rect114s3:[281, 564] [190, 564]
rect114s4:[190, 564] [190, 163]
rect115s1:[190, 183] [281, 183]
rect115s2:[281, 183] [281, 600]
rect115s3:[281, 600] [190, 600]
rect115s4:[190, 600] [190, 183]
rect116s1:[190, 183] [281, 183]
rect116s2:[281, 183] [281, 564]
rect116s3:[281, 564] [190, 564]
rect116s4:[190, 564] [190, 183]
rect117s1:[190, 163] [112, 163]
rect117s2:[112, 163] [112, 544]
rect117s3:[112, 544] [190, 544]
rect117s4:[190, 544] [190, 163]
rect118s1:[190, 163] [112, 163]
rect118s2:[112, 163] [112, 600]
rect118s3:[112, 600] [190, 600]
rect118s4:[190, 600] [190, 163]
rect119s1:[190, 163] [112, 163]
rect119s2:[112, 163] [112, 564]
rect119s3:[112, 564] [190, 564]
rect119s4:[190, 564] [190, 163]
rect120s1:[190, 183] [112, 183]
rect120s2:[112, 183] [112, 600]
rect120s3:[112, 600] [190, 600]
rect120s4:[190, 600] [190, 183]
rect121s1:[190, 183] [112, 183]
rect121s2:[112, 183] [112, 564]
rect121s3:[112, 564] [190, 564]
rect121s4:[190, 564] [190, 183]
rect122s1:[281, 163] [112, 163]
rect122s2:[112, 163] [112, 544]
rect122s3:[112, 544] [281, 544]
rect122s4:[281, 544] [281, 163]
rect123s1:[281, 183] [112, 183]
rect123s2:[112, 183] [112, 163]
rect123s3:[112, 163] [281, 163]
rect123s4:[281, 163] [281, 183]
rect124s1:[281, 163] [112, 163]
rect124s2:[112, 163] [112, 600]
rect124s3:[112, 600] [281, 600]
rect124s4:[281, 600] [281, 163]
rect125s1:[281, 163] [112, 163]
rect125s2:[112, 163] [112, 564]
rect125s3:[112, 564] [281, 564]
rect125s4:[281, 564] [281, 163]
rect126s1:[281, 163] [112, 163]
rect126s2:[112, 163] [112, 307]
rect126s3:[112, 307] [281, 307]
rect126s4:[281, 307] [281, 163]
rect127s1:[281, 163] [112, 163]
rect127s2:[112, 163] [112, 333]
rect127s3:[112, 333] [281, 333]
rect127s4:[281, 333] [281, 163]
rect128s1:[281, 183] [112, 183]
rect128s2:[112, 183] [112, 544]
rect128s3:[112, 544] [281, 544]
rect128s4:[281, 544] [281, 183]
rect129s1:[281, 307] [112, 307]
rect129s2:[112, 307] [112, 544]
rect129s3:[112, 544] [281, 544]
rect129s4:[281, 544] [281, 307]
rect130s1:[281, 183] [112, 183]
rect130s2:[112, 183] [112, 600]
rect130s3:[112, 600] [281, 600]
rect130s4:[281, 600] [281, 183]
rect131s1:[281, 183] [112, 183]
rect131s2:[112, 183] [112, 564]
rect131s3:[112, 564] [281, 564]
rect131s4:[281, 564] [281, 183]
rect132s1:[281, 183] [112, 183]
rect132s2:[112, 183] [112, 307]
rect132s3:[112, 307] [281, 307]
rect132s4:[281, 307] [281, 183]
rect133s1:[281, 183] [112, 183]
rect133s2:[112, 183] [112, 333]
rect133s3:[112, 333] [281, 333]
rect133s4:[281, 333] [281, 183]
rect134s1:[281, 307] [112, 307]
rect134s2:[112, 307] [112, 600]
rect134s3:[112, 600] [281, 600]
rect134s4:[281, 600] [281, 307]
rect135s1:[281, 307] [112, 307]
rect135s2:[112, 307] [112, 564]
rect135s3:[112, 564] [281, 564]
rect135s4:[281, 564] [281, 307]
rect136s1:[281, 307] [129, 307]
rect136s2:[129, 307] [129, 333]
rect136s3:[129, 333] [281, 333]
rect136s4:[281, 333] [281, 307]
