line0:425 735 425 523
line1:523 823 523 261
line2:228 551 228 264
line3:479 822 479 264
line4:525 823 525 256
line5:520 823 520 257
line6:249 814 249 264
line7:306 814 306 264
line8:311 814 311 264
line9:248 815 248 713
line10:515 823 515 352
line11:476 821 476 264
line12:526 823 526 216
line13:233 478 240 264
line14:474 821 474 264
line15:478 823 478 264
line16:251 814 251 712
line17:305 814 305 264
line18:521 823 521 217
line19:516 823 516 352
line20:308 814 308 264
line21:254 814 254 264
line22:452 823 452 264
line23:517 822 517 352
line24:457 524 457 474
line25:229 823 229 433
line26:94 823 94 264
line27:519 823 519 352
line28:215 689 219 821
line29:227 823 227 264
line30:92 207 92 176
line31:310 814 310 264
line32:422 264 426 495
line33:95 335 95 264
line34:451 823 451 264
line35:453 727 453 473
line36:428 718 431 520
line37:89 823 89 264
line38:231 141 231 89
line39:377 55 592 55
line40:90 823 90 600
line41:212 823 212 513
line42:473 821 473 264
line43:9 128 110 128
line44:225 823 225 546
line45:449 175 449 152
line46:239 783 239 320
line47:235 573 236 662
line48:432 823 432 729
line49:456 823 456 721
line50:448 823 448 475
line51:224 403 226 264
line52:317 695 320 521
line53:315 822 319 680
line54:92 527 92 424
line55:313 823 313 521
line56:211 823 211 512
line57:376 50 592 50
line58:334 495 334 264
line59:455 726 455 264
line60:329 264 333 495
line61:450 447 450 264
line62:462 685 462 650
line63:213 823 213 568
line64:250 519 250 466
line65:91 429 91 264
line66:230 703 230 600
line67:459 686 459 648
line68:312 340 312 264
line69:198 112 198 143
line70:200 141 200 112
line71:454 684 454 264
line72:252 519 252 465
line73:422 495 439 264
line74:88 607 88 497
line75:314 809 319 656
line76:423 113 423 143
line77:206 519 206 264
line78:461 472 462 526
line79:9 132 110 132
line80:152 815 239 817
line81:377 53 592 53
line82:449 724 449 264
line83:200 388 202 519
line84:253 375 253 264
line85:328 494 328 264
line86:433 335 434 264
line87:255 759 255 632
line88:435 823 435 729
line89:237 780 237 365
line90:401 112 484 198
line91:192 58 215 63
line92:351 264 407 264
line93:95 823 95 600
line94:33 291 511 291
line95:33 289 511 289
line96:127 207 190 158
line97:272 56 329 87
line98:497 131 592 136
line99:233 525 236 752
line100:231 823 231 433
line101:226 511 226 290
line102:113 271 225 270
line103:153 819 237 820
line104:470 674 472 775
line105:32 266 535 266
line106:312 817 467 820
line107:32 268 535 268
line108:352 295 408 295
line109:184 70 271 0
line110:92 322 170 323
line111:169 117 252 117
line112:468 773 468 672
line113:322 58 365 91
line114:456 182 567 182
line115:40 374 40 313
line116:146 295 202 295
line117:406 821 447 821
line118:424 494 430 401
line119:33 290 509 290
line120:168 115 263 110
line121:568 141 592 141
line122:403 112 527 224
line123:462 569 462 605
line124:144 64 198 69
line125:36 198 75 176
line126:32 297 510 297
line127:88 333 237 330
line128:33 302 318 302
line129:456 102 498 135
line130:154 142 247 140
line131:288 54 330 87
line132:312 823 477 823
line133:90 130 111 130
line134:33 299 510 299
line135:541 383 543 283
line136:537 382 537 281
line137:107 183 158 154
line138:226 119 339 64
line139:8 135 108 133
line140:568 138 591 138
line141:532 128 591 129
line142:152 139 188 112
line143:456 181 567 175
line144:152 814 319 814
line145:289 52 388 119
line146:424 295 431 492
line147:102 397 102 321
line148:104 135 143 106
line149:112 820 239 822
line150:152 808 319 808
line151:320 0 418 71
line152:314 334 447 334
line153:505 221 574 223
line154:168 116 254 114
line155:126 321 210 323
line156:41 203 141 201
line157:505 366 507 293
line158:415 112 527 232
line159:430 735 433 584
line160:152 137 246 136
line161:438 817 438 730
line162:185 811 319 813
line163:508 364 508 176
line164:32 352 62 353
line165:427 138 488 183
line166:273 58 321 87
line167:108 135 143 107
line168:314 327 477 327
line169:317 324 471 321
line170:309 0 415 71
line171:314 74 384 119
line172:125 126 155 64
line173:144 67 169 71
line174:297 75 320 87
line175:321 56 367 90
line176:303 48 527 230
line177:322 0 423 71
line178:46 207 46 177
line179:384 141 439 134
line180:81 183 134 174
line181:368 124 411 112
line182:506 358 543 359
line183:50 212 111 200
line184:88 330 189 327
line185:176 71 281 1
line186:465 774 465 674
line187:17 815 239 819
line188:99 135 141 104
line189:481 126 502 124
line190:138 207 260 56
line191:88 354 307 350
line192:209 738 210 823
line193:33 187 135 173
line194:408 357 462 357
line195:215 688 215 569
line196:58 264 60 374
line197:505 131 590 134
line198:472 814 566 809
line199:288 56 383 118
line200:101 425 102 487
line201:250 104 279 81
line202:470 704 471 775
line203:511 367 511 176
line204:392 112 498 183
line205:288 53 335 57
line206:433 71 433 48
line207:103 438 105 321
line208:482 62 503 61
line209:203 519 203 321
line210:330 495 330 356
line211:56 374 56 293
line212:430 64 454 66
line213:456 686 456 648
line214:48 208 143 205
line215:105 122 126 122
line216:429 678 432 528
line217:90 511 253 517
line218:457 102 505 135
line219:272 323 421 321
line220:370 125 513 183
line221:33 281 54 264
line222:185 71 276 0
line223:312 820 312 688
line224:188 69 289 1
line225:434 655 437 585
line226:33 303 78 303
line227:248 127 248 105
line228:372 271 534 269
line229:290 50 367 91
line230:371 522 461 524
line231:509 179 565 180
line232:510 271 510 203
line233:315 298 509 298
line234:96 484 96 424
line235:131 207 191 158
line236:273 82 349 77
line237:385 63 454 68
line238:32 264 350 264
line239:225 93 270 58
line240:425 790 425 770
line241:40 206 74 205
line242:502 130 526 128
line243:264 350 462 356
line244:173 321 286 326
line245:433 817 433 728
line246:33 186 149 166
line247:457 819 457 720
line248:540 382 540 280
line249:505 815 566 813
line250:248 686 248 512
line251:527 823 527 793
line252:384 64 453 70
line253:32 184 74 176
line254:264 88 356 86
line255:298 50 389 119
line256:385 138 405 136
line257:459 525 459 472
line258:368 122 426 112
line259:205 519 205 321
line260:458 180 536 176
line261:256 59 341 64
line262:313 330 445 333
line263:98 424 99 485
line264:112 168 150 162
line265:45 374 47 312
line266:317 0 417 71
line267:153 140 247 137
line268:399 818 477 816
line269:88 359 174 359
line270:376 131 401 141
line271:315 752 315 520
line272:472 118 503 122
line273:152 822 215 823
line274:128 163 190 151
line275:448 87 514 135
line276:213 119 264 56
line277:33 310 63 309
line278:433 654 434 586
line279:192 71 283 0
line280:251 471 251 321
line281:440 167 537 223
line282:319 303 505 303
line283:152 143 199 143
line284:554 129 590 132
line285:314 822 436 816
line286:108 321 110 429
line287:238 663 238 592
line288:404 119 431 114
line289:520 220 591 216
line290:197 112 228 114
line291:41 375 41 314
line292:261 56 334 62
line293:390 141 446 147
line294:61 270 63 375
line295:101 432 101 475
line296:314 320 314 343
line297:272 84 300 82
line298:40 183 119 183
line299:541 281 543 356
line300:97 134 151 92
line301:329 494 456 494
line302:96 206 133 202
line303:232 660 232 593
line304:100 135 140 107
line305:329 492 425 492
line306:456 98 504 129
line307:246 72 291 86
line308:290 55 334 59
line309:434 639 436 584
line310:39 318 39 267
line311:57 176 119 181
line312:344 95 381 119
line313:222 821 222 737
line314:16 808 141 823
line315:461 819 463 720
line316:538 176 562 183
line317:194 71 279 5
line318:377 354 462 352
line319:32 270 169 270
line320:313 331 430 333
line321:88 355 173 356
line322:314 56 422 143
line323:497 133 592 137
line324:188 71 275 1
line325:425 70 455 72
line326:272 87 358 84
line327:507 366 507 301
line328:43 374 43 312
line329:524 275 524 218
line330:467 191 502 195
line331:199 519 202 356
line332:104 123 124 123
line333:316 820 405 816
line334:522 278 522 216
line335:80 822 128 823
line336:208 817 208 737
line337:427 677 428 590
line338:449 85 450 48
line339:369 125 429 113
line340:516 183 566 183
line341:88 332 237 335
line342:312 521 461 521
line343:97 399 97 321
line344:132 163 191 154
line345:450 818 450 474
line346:312 524 438 528
line347:214 807 215 718
line348:361 116 416 112
line349:496 130 519 130
line350:361 114 381 118
line351:208 560 209 514
line352:505 309 505 176
line353:314 0 391 54
line354:36 318 38 265
line355:316 328 446 328
line356:88 328 124 327
line357:40 180 69 176
line358:90 519 255 519
line359:439 584 439 632
line360:550 129 587 143
line361:569 137 590 137
line362:51 311 51 269
line363:509 367 509 265
line364:432 366 462 370
line365:145 65 184 69
line366:238 823 238 705
line367:353 109 431 123
line368:299 61 335 61
line369:224 703 224 600
line370:232 83 269 57
line371:110 330 247 327
line372:35 319 36 265
line373:256 60 295 63
line374:88 357 252 357
line375:353 110 397 119
line376:456 177 494 176
line377:60 323 62 374
line378:146 185 166 184
line379:16 814 33 847
line380:500 176 567 179
line381:49 311 49 265
line382:258 99 309 73
line383:225 91 271 100
line384:460 819 460 792
line385:153 813 288 813
line386:221 119 255 119
line387:440 768 441 822
line388:352 107 429 122
line389:377 134 439 137
line390:57 375 57 295
line391:550 217 590 220
line392:185 809 255 809
line393:457 101 507 133
line394:170 118 206 119
line395:144 184 169 183
line396:233 783 233 582
line397:90 495 255 495
line398:203 295 351 295
line399:33 271 112 271
line400:317 522 318 575
line401:265 1 343 10
line402:137 193 167 190
line403:428 493 431 425
line404:88 131 111 131
line405:80 819 156 823
line406:327 2 420 67
line407:336 23 359 17
line408:90 490 255 490
line409:329 357 383 358
line410:299 79 359 82
line411:178 493 202 493
line412:17 812 92 812
line413:226 89 271 98
line414:386 112 426 119
line415:232 823 232 704
line416:215 800 319 795
line417:326 271 428 270
line418:235 84 279 91
line419:378 135 439 145
line420:429 271 504 270
line421:469 181 507 181
line422:465 188 503 192
line423:48 223 48 176
line424:360 118 408 141
line425:568 139 592 139
line426:141 206 194 142
line427:43 176 44 207
line428:388 66 413 71
line429:90 484 110 388
line430:527 218 528 287
line431:154 136 184 112
line432:480 124 503 123
line433:421 139 501 193
line434:235 783 235 697
line435:103 207 142 203
line436:454 48 455 85
line437:448 171 477 170
line438:152 812 192 812
line439:224 96 282 56
line440:456 91 519 135
line441:355 352 405 359
line442:48 375 49 338
line443:480 198 509 201
line444:229 339 309 349
line445:234 816 234 704
line446:459 398 459 322
line447:90 493 204 491
line448:301 55 335 60
line449:145 187 165 186
line450:193 69 278 0
line451:25 845 27 810
line452:88 335 145 334
line453:480 123 500 120
line454:179 71 268 1
line455:159 321 309 347
line456:92 823 92 600
line457:90 488 207 488
line458:51 336 53 375
line459:101 181 129 160
line460:350 16 471 98
line461:117 207 182 169
line462:362 118 382 121
line463:441 164 463 165
line464:55 223 55 180
line465:115 171 151 163
line466:443 768 445 822
line467:430 702 432 585
line468:416 139 525 218
line469:84 182 158 149
line470:54 375 54 336
line471:564 153 564 181
line472:55 337 55 371
line473:169 114 196 112
line474:378 49 407 49
line475:225 90 268 58
line476:442 768 444 818
line477:210 574 210 513
line478:458 342 458 322
line479:250 374 250 321
line480:376 52 405 52
line481:223 812 223 736
line482:480 63 501 62
line483:324 320 397 323
line484:220 819 220 736
line485:230 106 270 103
line486:90 489 142 489
line487:135 207 175 180
line488:192 332 307 348
line489:316 520 317 588
line490:93 135 150 90
line491:41 179 86 176
line492:205 63 239 38
line493:16 810 93 810
line494:435 529 435 558
line495:165 140 197 140
line496:39 184 40 205
line497:251 609 253 759
line498:100 207 100 177
line499:424 479 424 397
line500:429 114 429 143
line501:428 567 429 520
line502:31 133 80 133
line503:194 492 255 491
line504:80 820 133 823
line505:99 134 150 94
line506:224 93 269 101
line507:330 522 385 523
line508:138 202 182 173
line509:444 343 445 322
line510:217 816 218 736
line511:480 813 533 815
line512:227 104 259 108
line513:33 317 34 267
line514:353 105 410 139
line515:424 69 452 69
line516:111 135 142 109
line517:399 112 428 119
line518:88 320 153 322
line519:144 74 165 65
line520:116 494 172 494
line521:166 321 309 346
line522:232 28 264 0
line523:268 60 343 66
line524:114 126 154 64
line525:317 821 319 737
line526:88 129 110 129
line527:452 84 452 48
line528:47 371 48 336
line529:53 311 56 267
line530:437 653 437 601
line531:248 415 248 359
line532:224 103 262 108
line533:17 825 38 846
line534:307 0 403 51
line535:232 31 294 1
line536:50 337 52 375
line537:569 140 591 142
line538:407 354 462 354
line539:109 482 109 517
line540:329 353 394 359
line541:18 814 88 813
line542:318 819 359 817
line543:152 151 191 153
line544:245 271 358 270
line545:129 164 150 164
line546:438 529 439 558
line547:458 819 458 793
line548:385 62 407 67
line549:119 179 151 162
line550:443 630 443 608
line551:168 169 191 156
line552:108 817 152 819
line553:297 84 334 56
line554:419 139 540 223
line555:417 264 472 264
line556:459 570 459 607
line557:298 77 350 73
line558:95 518 155 516
line559:404 112 431 117
line560:385 67 441 65
line561:89 134 111 134
line562:104 127 127 127
line563:324 84 367 93
line564:523 221 592 217
line565:228 138 253 122
line566:240 17 327 0
line567:176 489 255 489
line568:224 823 224 736
line569:110 819 158 820
line570:97 207 182 174
line571:482 61 503 54
line572:456 99 509 133
line573:534 134 559 130
line574:329 358 360 359
line575:107 431 108 352
line576:445 630 445 609
line577:17 822 55 823
line578:90 516 255 510
line579:481 125 501 125
line580:192 57 215 59
line581:236 437 236 394
line582:144 188 167 187
line583:377 48 406 48
line584:463 819 463 793
line585:104 430 106 323
line586:440 162 463 163
line587:133 114 158 64
line588:443 166 444 144
line589:460 343 460 322
line590:173 67 228 45
line591:412 140 439 141
line592:443 343 443 322
line593:135 175 178 112
line594:221 793 319 798
line595:325 816 353 816
line596:178 71 286 1
line597:429 495 431 457
line598:481 127 531 128
line599:224 98 253 78
line600:21 808 72 808
line601:257 336 318 338
line602:409 358 462 358
line603:348 16 364 39
line604:197 71 231 46
line605:207 333 248 337
line606:88 353 88 323
line607:216 795 319 800
line608:459 786 460 720
line609:426 664 427 617
line610:76 182 131 174
line611:432 54 454 54
line612:477 808 564 809
line613:100 399 100 321
line614:160 176 188 159
line615:529 276 542 296
line616:49 375 49 347
line617:97 439 97 486
line618:471 271 535 270
line619:482 194 502 194
line620:101 353 136 352
line621:418 139 502 207
line622:91 533 111 480
line623:335 10 398 54
line624:54 207 150 199
line625:98 328 146 327
line626:0 140 20 130
line627:272 85 301 84
line628:442 165 484 199
line629:378 54 403 67
line630:328 80 358 80
line631:442 166 462 167
line632:240 74 261 58
line633:84 819 126 818
line634:228 91 274 56
line635:322 60 391 115
line636:475 811 567 814
line637:45 204 45 176
line638:230 510 230 432
line639:504 355 524 355
line640:314 574 314 522
line641:456 527 456 472
line642:299 72 340 71
line643:152 141 173 125
line644:252 338 300 346
line645:207 119 229 116
line646:50 222 50 176
line647:322 86 367 88
line648:441 610 442 630
line649:111 182 148 163
line650:457 399 457 322
line651:447 630 447 608
line652:34 300 79 300
line653:430 356 430 378
line654:99 451 99 424
line655:18 821 53 822
line656:360 37 391 56
line657:44 374 44 354
line658:191 327 235 327
line659:266 1 343 8
line660:331 488 422 489
line661:446 630 446 610
line662:440 343 440 321
line663:297 6 325 1
line664:249 113 324 57
line665:450 174 451 153
line666:93 331 149 332
line667:145 355 174 355
line668:441 156 471 169
line669:235 572 235 422
line670:150 156 185 157
