line0:382 129 391 656
line1:435 837 435 144
line2:138 480 144 838
line3:377 221 377 129
line4:66 848 66 96
line5:381 846 381 257
line6:359 848 359 288
line7:388 392 388 427
line8:64 848 64 98
line9:432 837 432 144
line10:436 837 436 144
line11:117 391 117 138
line12:59 727 59 136
line13:357 848 357 289
line14:382 599 382 256
line15:122 157 122 107
line16:68 719 68 96
line17:70 848 70 96
line18:356 848 356 417
line19:112 418 114 567
line20:355 848 355 290
line21:126 527 127 637
line22:379 847 379 256
line23:237 847 237 528
line24:434 837 434 146
line25:136 742 136 288
line26:109 44 109 79
line27:227 808 228 838
line28:115 848 115 136
line29:119 439 119 417
line30:129 133 130 96
line31:121 751 121 289
line32:137 80 138 118
line33:56 727 56 136
line34:124 743 124 289
line35:376 599 376 257
line36:236 848 236 529
line37:241 847 241 528
line38:61 725 61 137
line39:57 725 57 137
line40:235 846 235 528
line41:137 288 139 404
line42:246 845 246 529
line43:116 848 116 786
line44:386 454 388 625
line45:243 495 243 449
line46:256 838 259 652
line47:272 215 273 178
line48:239 848 239 528
line49:382 142 382 175
line50:62 727 62 136
line51:242 806 242 529
line52:161 178 162 215
line53:118 565 118 536
line54:247 805 247 528
line55:258 804 259 711
line56:263 335 264 288
line57:140 288 142 447
line58:123 838 123 784
line59:428 542 428 496
line60:262 559 262 528
line61:242 50 358 83
line62:112 183 390 183
line63:137 782 137 608
line64:260 838 260 672
line65:24 210 477 210
line66:24 208 54 207
line67:24 215 477 215
line68:24 200 375 200
line69:151 111 151 74
line70:16 188 477 188
line71:26 213 479 213
line72:112 181 388 181
line73:0 833 198 833
line74:112 178 390 178
line75:136 13 365 9
line76:184 42 282 32
line77:424 751 424 497
line78:73 185 478 185
line79:168 52 226 63
line80:119 848 119 473
line81:60 329 396 329
line82:339 16 440 117
line83:393 535 394 499
line84:17 190 478 190
line85:460 145 487 172
line86:120 343 120 289
line87:1 836 353 836
line88:309 1 431 123
line89:144 199 207 199
line90:25 206 206 203
line91:144 77 305 40
line92:401 97 490 119
line93:425 711 425 496
line94:98 288 455 294
line95:342 1 446 117
line96:427 751 427 497
line97:377 847 377 257
line98:67 781 67 681
line99:63 342 63 264
line100:24 202 375 202
line101:10 145 12 183
line102:60 231 60 139
line103:390 848 391 738
line104:83 79 196 2
line105:0 112 95 95
line106:325 12 431 118
line107:122 742 122 289
line108:339 1 444 117
line109:325 8 429 115
line110:58 726 58 682
line111:385 390 385 314
line112:159 102 160 60
line113:346 0 452 117
line114:345 194 414 194
line115:244 807 244 529
line116:455 145 494 164
line117:219 838 219 720
line118:430 711 430 499
line119:285 56 367 101
line120:261 672 264 838
line121:55 760 58 847
line122:104 328 356 328
line123:89 59 135 54
line124:144 197 207 197
line125:470 145 471 214
line126:240 49 343 65
line127:382 847 391 714
line128:382 836 391 694
line129:45 118 153 2
line130:384 40 384 78
line131:104 333 356 333
line132:240 662 240 529
line133:147 529 150 702
line134:138 8 367 8
line135:265 295 454 295
line136:223 495 223 449
line137:485 198 488 147
line138:482 198 483 145
line139:426 751 426 632
line140:387 335 438 335
line141:57 763 61 847
line142:221 695 221 576
line143:136 87 301 40
line144:114 494 114 369
line145:113 847 113 531
line146:72 319 390 319
line147:438 443 494 432
line148:431 711 431 632
line149:441 201 477 201
line150:258 529 263 691
line151:378 222 378 129
line152:138 82 143 118
line153:42 290 248 297
line154:283 46 309 46
line155:470 212 473 145
line156:129 17 367 13
line157:104 331 358 331
line158:89 57 134 52
line159:489 167 489 145
line160:256 744 258 592
line161:8 145 11 183
line162:17 187 48 147
line163:69 317 390 317
line164:479 287 480 266
line165:321 288 455 292
line166:65 314 390 314
line167:437 775 437 745
line168:380 71 380 32
line169:217 838 217 794
line170:121 112 143 112
line171:478 287 478 264
line172:478 214 481 145
line173:25 265 26 287
line174:33 117 207 0
line175:171 48 244 63
line176:330 30 375 26
line177:118 757 118 697
line178:125 158 125 104
line179:464 145 467 211
line180:262 32 335 60
line181:255 52 342 66
line182:216 577 217 632
line183:112 302 390 302
line184:71 223 71 96
line185:471 285 472 264
line186:281 47 318 48
line187:25 209 207 206
line188:137 332 142 581
line189:392 321 392 358
line190:1 838 353 838
line191:390 390 391 321
line192:384 508 405 511
line193:457 119 487 117
line194:304 0 414 69
line195:72 113 159 2
line196:208 475 322 495
line197:428 750 428 632
line198:47 222 49 145
line199:136 15 322 12
line200:475 209 479 145
line201:127 834 127 784
line202:408 119 431 119
line203:88 64 118 65
line204:220 720 223 837
line205:439 239 439 144
line206:378 837 494 837
line207:11 145 13 183
line208:35 207 40 145
line209:40 289 159 293
line210:438 516 494 527
line211:126 751 126 584
line212:376 832 494 832
line213:5 146 7 174
line214:44 266 44 295
line215:386 264 389 441
line216:416 127 487 168
line217:136 9 137 46
line218:288 1 422 85
line219:26 286 27 264
line220:13 145 15 182
line221:28 287 29 265
line222:346 197 385 197
line223:483 199 485 145
line224:114 798 358 820
line225:421 535 422 496
line226:22 191 22 145
line227:169 522 221 522
line228:67 532 354 532
line229:408 115 493 114
line230:378 839 421 839
line231:112 490 354 490
line232:69 189 69 97
line233:409 104 492 108
line234:344 198 465 200
line235:230 299 390 301
line236:8 525 354 531
line237:137 848 150 728
line238:270 5 350 5
line239:0 117 95 99
line240:244 33 375 114
line241:0 522 142 524
line242:390 647 392 497
line243:120 28 159 36
line244:492 615 492 594
line245:137 94 171 87
line246:433 359 433 274
line247:17 191 18 145
line248:248 39 284 34
line249:184 40 205 47
line250:168 526 223 527
line251:3 174 3 145
line252:7 145 9 183
line253:437 145 437 166
line254:97 334 97 272
line255:264 2 351 3
line256:135 96 135 134
line257:3 114 94 98
line258:80 77 111 79
line259:457 145 493 162
line260:41 294 41 265
line261:76 104 77 150
line262:494 165 494 144
line263:115 70 116 32
line264:220 722 222 837
line265:433 446 493 436
line266:123 63 123 28
line267:121 105 157 102
line268:473 214 474 145
line269:380 846 391 680
line270:65 222 65 96
line271:169 524 222 526
line272:157 801 158 823
line273:144 74 217 56
line274:184 450 287 452
line275:147 823 150 732
line276:307 42 359 81
line277:306 22 362 10
line278:416 834 494 834
line279:52 222 53 146
line280:266 60 350 75
line281:264 211 303 211
line282:33 205 35 145
line283:126 289 127 375
line284:72 114 164 0
line285:116 341 116 137
line286:223 832 223 721
line287:481 148 481 180
line288:46 222 47 145
line289:4 835 143 835
line290:6 109 28 104
line291:120 158 120 104
line292:475 206 475 145
line293:56 96 102 87
line294:2 175 2 144
line295:266 294 476 287
line296:137 843 144 772
line297:120 33 120 63
line298:387 152 388 223
line299:328 2 443 117
line300:20 191 21 145
line301:139 9 140 47
line302:137 14 178 23
line303:129 16 131 55
line304:138 783 146 553
line305:13 527 275 472
line306:242 33 303 71
line307:67 534 358 534
line308:123 116 220 56
line309:418 534 419 496
line310:101 274 102 334
line311:423 358 424 321
line312:429 166 433 104
line313:164 83 259 48
line314:353 421 353 290
line315:45 293 45 264
line316:117 607 263 607
line317:103 214 103 184
line318:205 523 206 551
line319:371 18 374 62
line320:112 343 112 214
line321:138 742 140 613
line322:94 505 96 535
line323:111 214 112 136
line324:490 166 490 144
line325:388 153 391 292
line326:240 54 341 69
line327:410 118 430 118
line328:164 31 164 2
line329:96 707 97 751
line330:29 285 31 264
line331:352 47 391 41
line332:151 823 151 728
line333:216 472 302 485
line334:462 145 466 212
line335:458 424 458 445
line336:266 292 390 294
line337:81 273 84 334
line338:184 448 287 450
line339:104 335 356 335
line340:60 367 60 266
line341:17 118 93 100
line342:390 519 391 407
line343:136 831 142 737
line344:384 582 384 256
line345:85 72 154 0
line346:23 189 25 145
line347:492 166 493 144
line348:119 205 375 205
line349:382 783 391 657
line350:384 848 390 758
line351:53 222 54 144
line352:104 41 158 37
line353:28 145 29 214
line354:50 223 50 144
line355:400 100 442 117
line356:3 117 47 118
line357:40 223 44 145
line358:0 279 119 279
line359:408 110 453 108
line360:491 167 491 145
line361:476 286 476 264
line362:487 199 488 149
line363:105 332 106 273
line364:67 513 259 472
line365:329 28 374 22
line366:19 161 19 189
line367:65 533 354 533
line368:40 295 118 292
line369:120 25 167 29
line370:53 303 54 266
line371:265 7 351 7
line372:243 663 243 528
line373:472 266 473 286
line374:264 0 350 0
line375:164 58 166 94
line376:440 522 469 527
line377:35 205 38 145
line378:322 819 354 821
line379:471 145 472 200
line380:395 321 395 358
line381:51 223 52 144
line382:184 43 213 42
line383:112 491 202 492
line384:142 846 143 796
line385:210 38 258 32
line386:412 64 438 212
line387:249 297 390 297
line388:92 272 94 334
line389:123 343 123 289
line390:148 529 151 629
line391:128 99 158 101
line392:222 578 223 662
line393:125 377 128 519
line394:312 78 356 81
line395:452 273 454 293
line396:0 689 55 688
line397:376 835 419 835
line398:114 796 354 817
line399:320 822 358 823
line400:0 144 0 174
line401:110 326 110 273
line402:344 37 375 30
line403:31 214 31 145
line404:380 834 391 665
line405:138 9 320 9
line406:408 106 490 105
line407:69 535 278 535
line408:17 440 58 447
line409:188 550 188 527
line410:118 70 118 32
line411:137 11 183 23
line412:118 486 303 486
line413:268 63 319 49
line414:99 704 100 750
line415:3 112 47 115
line416:16 191 17 145
line417:448 272 450 293
line418:384 152 390 328
line419:331 26 374 17
line420:484 192 487 145
line421:468 145 469 214
line422:96 86 96 49
line423:116 494 149 494
line424:19 439 60 446
line425:150 77 179 79
line426:116 492 294 495
line427:401 101 493 113
line428:409 496 411 543
line429:107 332 107 273
line430:152 5 230 4
line431:387 357 494 356
line432:24 203 49 203
line433:141 330 143 380
line434:488 594 490 615
line435:58 761 63 814
line436:397 322 398 358
line437:117 821 243 821
line438:331 86 356 89
line439:48 223 48 201
line440:448 145 449 166
line441:0 610 63 608
line442:445 145 446 206
line443:213 32 247 39
line444:267 528 358 529
line445:377 65 407 60
line446:72 116 167 3
line447:178 291 253 288
line448:382 761 383 706
line449:169 51 245 62
line450:264 6 349 6
line451:0 520 142 520
line452:429 359 429 321
line453:438 359 438 272
line454:25 214 29 145
line455:119 304 302 288
line456:449 145 450 166
line457:388 79 423 80
line458:467 145 468 208
line459:27 207 28 184
line460:91 274 93 334
line461:438 144 443 206
line462:216 758 216 724
line463:103 704 104 751
line464:65 531 257 528
line465:410 113 430 113
line466:458 116 492 116
line467:24 432 58 439
line468:80 88 103 82
line469:385 501 439 510
line470:113 424 137 419
line471:395 500 439 508
line472:298 43 375 120
line473:63 527 63 497
line474:58 230 58 136
line475:441 145 445 207
line476:112 816 243 820
line477:129 98 157 100
line478:79 335 79 273
line479:0 106 85 109
line480:219 666 220 577
line481:256 684 257 594
line482:140 334 141 399
line483:296 68 358 82
line484:327 23 366 10
line485:220 400 303 414
line486:0 683 69 683
line487:454 145 455 166
line488:96 737 261 752
line489:483 153 483 181
line490:473 161 474 214
line491:331 819 391 820
line492:266 62 334 56
line493:393 320 394 359
line494:387 356 471 355
line495:391 396 391 362
line496:118 495 118 472
line497:74 104 75 150
line498:136 88 171 83
line499:319 23 357 10
line500:119 301 230 292
line501:104 48 128 51
line502:15 178 16 145
line503:328 87 367 100
line504:280 63 334 58
line505:16 615 58 607
line506:328 83 358 84
line507:380 334 380 256
line508:259 536 262 636
line509:184 455 285 455
line510:386 453 386 373
line511:136 81 199 68
line512:136 16 167 24
line513:460 425 460 445
line514:39 207 41 145
line515:73 549 73 505
line516:0 601 63 601
line517:128 21 167 26
line518:117 484 303 484
line519:1 145 1 175
line520:0 603 60 603
line521:433 602 494 602
line522:206 696 209 758
line523:154 66 206 71
line524:89 62 132 55
line525:26 360 58 366
line526:197 576 200 605
line527:136 93 172 84
line528:89 273 91 334
line529:433 600 493 599
line530:407 58 428 166
line531:476 186 477 145
line532:210 35 244 39
line533:191 605 191 576
line534:184 696 188 750
line535:217 633 220 692
line536:408 112 490 111
line537:150 481 151 501
line538:478 145 480 199
line539:78 149 78 110
line540:361 52 405 58
line541:369 59 412 68
line542:220 404 302 416
line543:237 472 296 485
line544:0 275 114 275
line545:176 816 243 819
line546:20 118 47 119
line547:80 82 205 0
line548:336 92 359 91
line549:190 720 222 726
line550:147 703 147 582
line551:444 272 446 293
line552:42 293 42 264
line553:391 504 494 522
line554:180 438 182 408
line555:163 585 164 606
line556:112 33 152 36
line557:350 36 383 34
line558:385 735 385 480
line559:386 41 388 78
line560:146 823 149 728
line561:101 750 101 704
line562:437 358 437 273
line563:399 321 400 358
line564:104 43 143 42
line565:451 145 452 166
line566:429 709 429 632
line567:125 289 127 438
line568:144 75 293 41
line569:155 530 156 557
line570:112 812 262 791
line571:43 288 43 264
line572:285 45 311 42
line573:420 81 430 162
line574:388 507 494 524
line575:144 194 205 195
line576:155 1 230 1
line577:46 292 74 292
line578:212 837 212 802
line579:208 472 302 487
line580:417 359 494 358
line581:209 32 285 38
line582:77 112 158 18
line583:105 318 105 273
line584:387 495 438 503
line585:17 435 49 441
line586:25 166 26 145
line587:27 214 142 214
line588:399 496 400 543
line589:393 48 394 87
line590:410 111 484 112
line591:442 145 443 166
line592:131 96 132 133
line593:88 209 166 209
line594:304 41 374 118
line595:203 521 204 550
line596:172 51 233 39
line597:266 290 296 288
line598:24 212 67 212
line599:395 184 396 214
line600:132 291 234 288
line601:151 13 230 12
line602:65 332 143 332
line603:201 750 223 676
line604:437 683 467 683
line605:408 114 492 113
line606:120 751 120 713
line607:123 158 123 108
line608:121 24 155 32
line609:270 485 358 498
line610:118 663 118 636
line611:180 750 181 728
line612:212 473 212 495
line613:0 109 87 110
line614:463 425 465 445
line615:174 800 220 804
line616:137 86 172 85
line617:24 106 92 93
line618:447 293 447 272
line619:179 728 182 751
line620:329 24 367 15
line621:344 192 374 192
line622:0 760 28 767
line623:184 550 185 527
line624:465 826 492 828
line625:461 424 461 445
line626:188 454 191 408
line627:138 201 207 201
line628:187 68 269 52
line629:433 775 487 760
line630:355 41 377 35
line631:112 805 326 809
line632:0 272 119 274
line633:36 166 36 145
line634:383 844 391 728
line635:56 810 57 834
line636:117 596 211 576
line637:2 694 55 694
line638:433 681 494 681
line639:80 87 103 81
line640:278 494 284 472
line641:397 496 398 535
line642:345 39 382 32
line643:396 321 397 359
line644:433 686 494 686
line645:407 97 431 99
line646:312 74 346 75
line647:261 759 261 689
line648:441 524 490 524
line649:201 489 281 472
line650:234 678 234 600
line651:475 284 475 264
line652:329 60 391 158
line653:137 439 145 531
line654:18 189 18 161
line655:366 48 391 45
line656:0 443 60 442
line657:238 63 238 32
line658:372 63 404 60
line659:44 161 45 223
line660:211 321 211 288
line661:76 274 77 335
line662:340 65 389 154
line663:136 206 192 206
line664:128 16 190 17
line665:375 288 453 289
line666:197 327 199 291
line667:104 704 105 750
line668:98 733 262 751
line669:26 211 29 148
line670:67 846 68 803
line671:117 597 219 576
line672:229 808 286 820
line673:67 515 162 495
line674:65 322 126 323
line675:184 45 213 46
line676:231 839 255 832
line677:140 848 141 765
line678:6 144 8 182
line679:59 761 69 847
line680:27 287 28 265
line681:412 358 413 328
line682:116 466 117 416
line683:32 145 32 189
line684:182 550 183 527
line685:151 703 151 660
line686:118 784 122 839
line687:148 566 150 608
line688:186 491 316 495
line689:168 525 220 524
line690:72 150 72 104
line691:305 529 353 528
line692:46 294 46 264
line693:208 33 228 38
line694:12 145 14 183
line695:129 20 191 19
line696:230 63 270 56
line697:369 212 399 212
line698:10 361 49 367
line699:461 145 462 166
line700:176 415 242 401
line701:117 606 232 604
line702:30 184 135 184
line703:381 33 410 117
line704:465 145 467 204
line705:494 615 494 594
line706:439 273 439 301
line707:63 166 63 136
line708:88 196 110 196
line709:344 196 415 197
line710:314 207 365 207
line711:146 11 148 36
line712:321 23 365 14
line713:98 84 98 49
line714:342 67 391 152
line715:91 505 92 543
line716:0 764 69 764
line717:95 56 95 89
line718:87 542 87 505
line719:259 580 260 623
line720:172 559 173 520
line721:177 411 236 400
line722:439 358 468 352
line723:360 51 399 49
line724:128 102 167 91
line725:138 553 141 750
line726:42 221 44 189
line727:36 433 58 433
line728:86 76 116 70
line729:165 800 166 823
line730:166 807 216 801
line731:136 203 167 203
line732:2 686 71 698
line733:176 439 178 410
line734:2 441 44 447
line735:116 488 300 488
line736:34 837 55 837
line737:440 435 479 442
line738:344 193 375 193
line739:105 704 106 751
line740:161 57 207 71
line741:134 96 158 97
line742:198 603 199 576
line743:117 35 144 39
line744:265 32 317 50
line745:32 115 53 111
line746:57 760 62 834
line747:75 548 75 504
line748:107 42 111 77
line749:216 407 302 419
line750:197 320 198 298
line751:187 0 226 14
line752:91 60 126 63
line753:112 696 214 701
line754:400 99 430 101
line755:126 108 158 103
line756:265 11 383 134
line757:388 41 389 77
line758:117 600 219 577
line759:459 145 460 166
line760:112 795 112 845
line761:200 576 202 606
line762:331 85 359 85
line763:55 166 55 145
line764:37 204 43 145
line765:0 766 63 766
line766:128 97 242 48
line767:232 678 232 601
line768:10 441 46 446
line769:0 688 63 691
line770:117 824 243 822
line771:97 48 97 85
line772:304 23 337 19
line773:184 4 213 13
line774:477 286 477 266
line775:131 23 162 26
line776:369 325 369 291
line777:103 334 104 289
line778:333 57 381 141
line779:407 542 408 496
line780:138 605 233 601
line781:80 72 81 117
line782:112 791 150 795
line783:238 677 238 603
line784:478 202 478 148
line785:368 135 368 114
line786:140 85 207 59
line787:15 111 103 84
line788:0 362 55 361
line789:13 521 142 521
line790:390 533 492 524
line791:387 358 479 357
line792:249 38 271 32
line793:34 839 143 839
line794:409 116 459 118
line795:265 1 351 2
line796:81 83 107 75
line797:193 837 216 832
line798:424 135 426 96
line799:216 793 216 817
line800:104 504 104 526
line801:437 514 494 514
line802:304 16 362 14
line803:0 276 119 278
line804:48 301 48 267
line805:165 0 208 15
line806:111 68 111 40
line807:146 796 147 728
line808:107 705 108 751
line809:421 355 422 328
line810:271 481 300 481
line811:188 413 192 454
line812:260 554 263 623
line813:486 166 486 145
line814:113 297 156 295
line815:117 848 117 785
line816:216 401 276 410
line817:278 833 353 832
line818:464 150 465 184
line819:87 75 162 2
line820:93 505 94 541
line821:116 556 207 548
line822:22 437 60 438
line823:89 67 125 61
line824:113 385 140 389
line825:387 339 387 369
line826:265 289 289 287
line827:438 764 466 769
line828:433 445 471 445
line829:373 58 398 53
line830:214 802 215 837
line831:152 69 270 54
line832:450 145 451 166
line833:207 550 208 520
line834:433 432 465 432
line835:268 816 325 812
line836:19 145 20 166
line837:401 95 422 95
line838:118 343 118 136
line839:188 493 287 472
line840:264 4 351 4
line841:124 24 156 31
line842:386 187 386 154
line843:1 684 37 695
line844:73 186 135 186
line845:397 85 422 89
line846:81 73 112 67
line847:189 69 189 46
line848:440 766 467 772
line849:63 726 63 681
line850:157 2 225 7
line851:65 315 119 310
line852:59 101 93 98
line853:117 593 206 576
line854:244 48 264 51
line855:142 612 219 591
line856:396 352 494 354
line857:312 203 367 203
line858:271 289 295 287
line859:446 273 484 271
line860:398 48 418 126
line861:489 614 490 594
line862:179 550 180 527
line863:67 519 143 519
line864:185 453 238 450
line865:180 433 180 409
line866:127 719 127 663
line867:130 18 173 23
line868:137 92 164 93
line869:394 532 416 528
line870:137 472 145 529
line871:25 189 134 189
line872:39 287 40 264
line873:110 42 142 46
line874:383 647 383 561
line875:121 111 150 106
line876:251 36 279 33
line877:390 74 415 73
line878:296 70 342 64
line879:352 334 428 334
line880:206 530 279 531
line881:175 54 176 78
line882:379 133 382 187
line883:127 104 130 135
line884:387 500 431 509
line885:410 67 433 151
line886:114 818 218 820
line887:208 689 211 758
line888:262 35 287 33
line889:144 696 215 698
line890:82 83 106 77
line891:1 360 43 367
line892:378 68 406 63
line893:117 572 202 542
line894:353 44 383 36
line895:25 187 27 145
line896:443 272 443 293
line897:245 663 245 531
line898:266 818 287 819
line899:153 728 190 732
line900:193 320 214 320
line901:368 191 399 191
line902:186 527 187 551
line903:121 793 159 807
line904:360 48 391 43
line905:173 485 252 473
line906:116 700 117 728
line907:144 73 210 34
line908:123 662 123 634
line909:304 18 370 17
line910:128 96 175 87
line911:386 539 456 526
line912:433 439 456 439
line913:4 146 4 174
line914:491 615 491 594
line915:209 61 210 36
line916:386 76 412 76
line917:312 201 366 201
line918:1 366 63 365
line919:60 760 71 811
line920:258 709 258 680
line921:10 111 95 97
line922:137 546 139 572
line923:176 410 303 410
line924:149 616 151 639
line925:453 145 454 166
line926:214 690 218 724
line927:328 27 374 19
line928:424 140 431 166
line929:114 813 139 813
line930:84 542 84 506
line931:443 145 444 166
line932:263 538 263 593
line933:433 441 494 438
line934:437 517 461 517
line935:370 60 370 16
line936:166 18 170 86
line937:137 303 195 303
line938:96 732 182 740
line939:120 27 122 58
line940:390 537 465 523
line941:97 706 212 759
line942:360 50 391 46
line943:113 299 229 299
line944:81 334 81 313
line945:117 485 295 485
line946:336 95 358 93
line947:9 689 65 699
line948:211 837 243 829
line949:229 495 300 491
line950:117 759 117 472
line951:148 805 193 800
line952:138 10 204 11
line953:184 204 207 204
line954:383 129 386 289
line955:121 837 126 798
line956:114 187 114 137
line957:386 635 387 576
line958:96 714 96 749
line959:330 80 350 77
line960:266 819 287 823
line961:385 71 412 70
line962:146 703 151 657
line963:179 413 303 413
line964:113 32 155 39
line965:23 166 24 145
line966:108 295 216 288
line967:96 712 184 751
line968:267 811 326 810
line969:388 846 390 779
