line0:40 16 40 730
line1:101 94 101 41
line2:288 616 288 687
line3:305 160 305 730
line4:96 160 96 730
line5:320 0 320 730
line6:190 160 190 710
line7:281 160 281 590
line8:184 40 184 93
line9:112 176 112 590
line10:64 11 351 11
line11:56 91 351 91
line12:40 75 367 75
line13:96 163 310 163
line14:40 59 367 59
line15:40 43 367 43
line16:48 544 342 544
line17:96 183 295 183
line18:72 600 310 600
line19:56 564 343 564
line20:56 652 135 652
line21:112 307 295 307
line22:336 718 407 718
line23:134 584 134 631
line24:120 616 120 718
line25:129 342 129 306
line26:114 333 293 333
line27:112 248 199 248
line28:78 90 78 62
line29:325 548 325 575
line30:184 592 184 710
line31:97 623 143 623
line32:290 645 311 645
