line0:0 96 0 835
line1:113 73 113 117
line2:221 80 221 835
line3:0 83 495 83
line4:291 8 291 111
line5:227 22 227 0
line6:229 327 229 280
line7:138 56 138 103
line8:283 272 283 327
line9:261 22 261 2
line10:168 464 168 551
line11:24 202 471 202
line12:0 815 495 815
line13:286 168 286 213
line14:456 496 456 527
line15:211 0 211 39
line16:305 170 305 213
line17:219 280 219 326
line18:314 792 314 831
line19:191 793 191 829
line20:182 792 182 829
line21:276 829 276 793
line22:456 256 456 279
line23:66 282 493 282
line24:261 213 261 169
line25:159 16 159 79
line26:169 107 191 107
line27:292 793 292 822
line28:41 319 436 319
line29:89 176 89 207
line30:40 256 40 279
line31:278 39 278 1
line32:120 354 311 354
line33:207 167 207 211
line34:16 749 57 749
line35:1 502 399 502
line36:230 169 230 208
line37:0 668 62 668
line38:416 590 494 590
line39:96 593 119 593
line40:224 682 329 682
line41:1 592 62 592
line42:228 63 269 63
line43:0 267 62 267
line44:220 715 328 715
line45:416 668 494 668
line46:432 754 495 754
line47:185 171 185 207
line48:225 587 319 587
line49:424 430 492 430
line50:19 432 53 432
line51:394 526 439 526
line52:139 774 167 774
line53:391 534 439 534
