line0:505 718 505 138
line1:532 719 532 177
line2:24 27 566 27
line3:70 717 70 225
line4:531 718 531 176
line5:56 679 61 382
line6:65 719 65 226
line7:509 718 509 138
line8:25 25 391 25
line9:54 422 54 80
line10:454 558 454 128
line11:436 558 436 128
line12:507 719 507 136
line13:67 718 67 168
line14:483 719 483 128
line15:473 559 473 194
line16:137 565 137 129
line17:511 717 511 137
line18:484 718 484 128
line19:49 533 49 179
line20:535 717 535 176
line21:153 565 153 129
line22:1 95 398 95
line23:69 719 69 170
line24:439 558 439 128
line25:139 91 367 88
line26:533 717 533 176
line27:453 559 453 128
line28:451 558 451 128
line29:449 558 449 128
line30:54 718 61 309
line31:478 558 478 192
line32:448 559 448 128
line33:377 37 566 37
line34:48 718 48 448
line35:142 565 142 129
line36:116 719 116 368
line37:438 558 438 128
line38:64 718 64 225
line39:224 31 566 31
line40:63 501 63 73
line41:155 565 155 129
line42:485 487 485 129
line43:304 38 567 38
line44:139 565 139 129
line45:282 559 282 129
line46:313 559 313 129
line47:51 719 51 648
line48:312 558 312 129
line49:141 565 141 129
line50:52 351 52 81
line51:96 39 382 39
line52:475 558 475 192
line53:320 26 565 26
line54:477 559 477 194
line55:114 199 114 129
line56:318 559 318 129
line57:284 559 284 129
line58:472 558 472 192
line59:159 565 159 129
line60:285 559 285 129
line61:472 34 566 34
line62:136 565 136 129
line63:433 558 433 128
line64:157 565 157 129
line65:287 559 287 242
line66:315 559 315 129
line67:56 343 57 253
line68:487 487 487 128
line69:305 36 566 36
line70:480 718 480 456
line71:115 715 115 513
line72:2 93 86 93
line73:112 422 113 309
line74:304 32 566 32
line75:62 679 62 496
line76:50 717 50 497
line77:209 89 278 90
line78:40 88 275 92
line79:482 717 482 456
line80:281 558 281 240
line81:117 717 117 513
line82:25 30 229 30
line83:224 29 327 29
line84:194 154 250 154
line85:25 24 95 24
line86:119 415 119 280
line87:231 134 311 133
line88:116 321 119 487
line89:53 535 53 346
line90:115 129 482 129
line91:113 131 481 131
line92:0 81 86 82
line93:112 459 113 366
line94:0 83 87 85
line95:112 550 113 457
line96:60 206 62 112
line97:32 37 102 45
line98:305 135 486 135
line99:545 93 595 99
line100:226 166 286 160
line101:112 157 343 157
line102:118 128 119 239
line103:481 671 481 538
line104:138 152 343 152
line105:96 34 381 34
line106:440 20 567 20
line107:41 183 41 81
line108:43 183 50 80
line109:124 678 127 536
line110:441 22 566 22
line111:287 88 400 93
line112:232 559 486 555
line113:51 597 51 345
line114:448 87 519 87
line115:61 281 62 168
line116:43 91 125 90
line117:140 545 391 545
line118:486 486 486 456
line119:0 86 85 86
line120:441 16 565 16
line121:152 171 333 162
line122:0 715 119 715
line123:113 551 390 551
line124:55 455 55 416
line125:0 718 119 718
line126:410 88 455 89
line127:473 33 566 33
line128:544 89 545 175
line129:368 88 421 90
line130:440 23 527 23
line131:113 291 119 168
line132:441 28 487 28
line133:71 255 71 169
line134:32 35 101 43
line135:304 130 423 130
line136:24 31 55 35
line137:337 151 446 151
line138:448 82 518 81
line139:118 717 121 536
line140:393 552 452 550
line141:59 422 59 72
line142:225 24 325 24
line143:472 35 567 35
line144:113 547 391 547
line145:200 554 349 554
line146:441 18 527 18
line147:224 165 437 169
line148:138 544 452 544
line149:140 549 455 549
line150:123 679 123 536
line151:338 149 447 149
line152:448 85 519 85
line153:337 146 447 146
line154:40 717 114 717
line155:68 253 68 169
line156:121 679 121 561
line157:0 713 114 713
line158:55 535 55 496
line159:112 599 113 512
line160:154 175 231 175
line161:548 99 595 102
line162:48 42 103 47
line163:486 199 486 128
line164:273 558 487 554
line165:550 174 550 90
line166:126 632 126 604
line167:481 716 595 714
line168:112 274 113 233
line169:520 21 566 21
line170:481 719 595 717
line171:400 554 487 552
line172:154 172 254 167
line173:530 712 595 712
line174:115 210 116 154
line175:55 351 55 83
line176:114 235 118 323
line177:46 182 46 81
line178:360 173 437 173
line179:297 559 485 556
line180:547 175 547 95
line181:546 96 584 98
line182:127 91 169 89
line183:47 178 50 89
line184:545 91 595 93
line185:562 94 595 95
line186:421 24 533 25
line187:278 93 454 93
line188:280 247 281 154
line189:156 134 211 134
line190:32 33 55 36
line191:514 142 514 82
line192:273 552 392 552
line193:417 128 481 128
line194:124 623 125 564
line195:112 275 115 343
line196:44 182 44 81
line197:246 557 297 556
line198:33 38 97 46
line199:304 165 367 166
line200:60 679 60 656
line201:40 182 40 81
line202:485 671 487 537
line203:24 28 94 28
line204:60 588 60 496
line205:560 88 581 90
line206:545 103 593 103
line207:112 153 112 199
line208:113 560 207 560
line209:48 183 49 127
line210:226 161 283 160
line211:114 277 115 314
line212:418 133 481 133
line213:96 37 310 37
line214:512 143 512 83
line215:516 80 516 112
line216:360 169 410 171
line217:518 82 519 142
line218:138 154 193 154
line219:30 83 66 83
line220:544 121 544 174
line221:45 145 45 81
line222:384 546 437 546
line223:183 171 230 169
line224:224 162 311 162
line225:112 130 113 175
line226:497 719 550 719
line227:35 81 71 81
line228:113 562 207 562
line229:56 206 56 112
line230:545 98 582 102
line231:548 97 594 101
line232:126 679 127 649
line233:52 666 53 592
line234:283 154 342 153
line235:43 156 43 89
line236:360 170 419 169
line237:66 255 66 224
line238:493 82 519 82
line239:2 91 61 89
line240:127 677 127 651
line241:53 719 55 593
line242:53 87 87 87
line243:546 98 591 101
line244:114 565 206 565
line245:119 711 120 609
line246:114 599 114 512
line247:486 717 551 716
line248:25 29 94 29
line249:556 96 595 96
line250:334 162 365 162
line251:48 80 87 80
line252:170 89 197 89
line253:267 91 398 91
line254:115 168 118 239
line255:486 667 487 616
line256:42 181 70 181
line257:479 39 479 17
