line0:64 79 575 79
line1:106 639 106 130
line2:41 54 571 54
line3:41 20 607 20
line4:438 734 551 735
line5:323 695 323 307
line6:40 22 606 22
line7:110 638 110 232
line8:108 636 108 128
line9:41 52 343 52
line10:129 672 519 679
line11:558 557 558 130
line12:161 730 279 730
line13:344 694 406 694
line14:40 16 438 16
line15:508 701 508 169
line16:504 703 504 170
line17:146 589 146 168
line18:66 73 574 73
line19:327 695 327 376
line20:336 72 575 72
line21:433 17 607 17
line22:128 729 462 729
line23:64 75 574 75
line24:233 693 279 694
line25:344 133 559 133
line26:64 74 343 74
line27:337 77 575 77
line28:104 134 556 134
line29:458 728 581 728
line30:41 23 247 23
line31:104 132 556 132
line32:552 559 552 129
line33:145 694 145 384
line34:105 128 309 128
line35:144 170 197 170
line36:321 49 599 49
line37:516 731 583 729
line38:145 174 271 172
line39:304 169 511 172
line40:104 454 104 129
line41:325 695 325 304
line42:208 53 343 53
line43:344 689 406 688
line44:553 285 553 130
line45:150 694 150 168
line46:312 678 345 678
line47:321 695 321 546
line48:111 639 111 449
line49:242 21 439 21
line50:248 175 511 175
line51:148 591 148 169
line52:312 676 430 678
line53:209 48 341 48
line54:506 701 506 173
line55:548 701 548 552
line56:224 678 272 679
line57:555 559 555 128
line58:312 732 582 732
line59:274 697 311 698
line60:488 696 538 698
line61:105 271 105 233
line62:129 731 318 731
line63:40 18 247 18
line64:345 690 405 689
line65:507 703 507 376
line66:304 695 462 695
line67:152 688 279 691
line68:569 55 599 55
line69:132 694 188 694
line70:344 692 406 692
line71:512 51 599 51
line72:552 733 581 733
line73:151 591 151 384
line74:367 169 505 171
line75:510 423 510 169
line76:551 311 551 177
line77:312 672 519 672
line78:123 691 179 692
line79:151 168 270 168
line80:72 677 207 679
line81:425 676 519 677
line82:86 672 197 675
line83:144 289 326 289
line84:80 50 126 50
line85:105 507 324 511
line86:320 413 324 168
line87:72 675 165 676
line88:144 390 144 169
line89:458 698 510 699
line90:128 590 303 594
line91:147 385 302 385
line92:192 428 324 425
line93:228 694 311 696
line94:550 701 550 552
line95:97 639 97 520
line96:545 701 545 553
line97:137 526 301 526
line98:137 537 302 540
line99:100 694 100 674
line100:162 291 326 291
line101:107 271 107 129
line102:100 530 100 558
line103:202 522 324 522
line104:105 639 105 448
line105:64 693 123 694
line106:160 396 326 396
line107:161 314 326 314
line108:160 280 326 280
line109:288 251 327 250
line110:162 319 326 319
line111:129 616 300 616
line112:128 619 303 622
line113:160 398 326 398
line114:106 733 167 734
line115:163 285 326 285
line116:161 469 324 472
line117:137 520 324 520
line118:103 639 103 520
line119:188 692 238 695
line120:162 265 326 265
line121:202 248 327 248
line122:128 734 194 735
line123:120 504 324 504
line124:137 579 302 585
line125:160 452 324 455
line126:102 639 102 520
line127:456 701 583 701
line128:161 281 271 281
line129:346 688 370 688
line130:324 551 324 376
line131:549 311 549 177
line132:161 294 326 294
line133:107 689 161 689
line134:415 693 462 688
line135:304 129 350 129
line136:162 287 270 287
line137:161 283 271 283
line138:161 306 326 312
line139:137 576 295 576
line140:128 592 303 595
line141:160 255 327 255
line142:211 390 326 388
line143:128 621 230 622
line144:161 397 254 397
line145:80 48 136 48
line146:513 680 575 680
line147:137 524 302 524
line148:147 387 326 387
line149:162 254 327 251
line150:257 511 285 511
line151:70 680 72 733
line152:44 19 45 45
line153:161 499 303 499
line154:160 264 326 264
line155:456 697 568 696
line156:113 728 167 728
line157:160 444 303 444
line158:162 426 271 424
line159:160 269 326 269
line160:200 254 327 254
line161:128 602 263 602
line162:160 392 326 392
line163:162 479 302 484
line164:419 128 475 128
line165:160 250 289 250
line166:128 606 303 609
line167:160 464 303 464
line168:201 317 326 317
line169:129 597 302 597
line170:160 468 303 468
line171:161 267 326 267
line172:576 735 577 690
line173:201 527 303 527
line174:160 502 303 502
line175:160 441 302 441
line176:223 583 294 578
line177:68 680 69 735
line178:128 605 262 605
line179:200 466 302 466
line180:161 485 302 485
line181:276 734 437 734
line182:160 305 326 305
line183:161 311 234 310
line184:208 508 263 507
line185:482 676 519 676
line186:161 450 235 448
line187:104 512 238 510
line188:162 482 288 484
line189:137 543 262 543
line190:476 128 557 129
line191:161 497 303 497
line192:579 734 580 689
line193:547 311 547 176
line194:161 446 302 446
line195:208 416 300 416
line196:513 685 575 685
line197:137 536 263 538
line198:240 692 278 690
line199:514 682 575 682
line200:582 735 582 690
line201:160 425 303 420
line202:139 505 139 528
line203:326 415 326 257
line204:109 270 109 233
line205:265 431 302 431
line206:216 417 300 418
line207:306 689 343 690
line208:161 470 239 471
line209:160 271 324 271
line210:192 487 303 487
line211:258 508 303 508
line212:551 553 551 585
line213:66 680 67 732
line214:141 590 141 505
line215:357 128 413 128
line216:160 428 228 426
line217:553 687 574 687
line218:160 431 271 429
line219:143 589 143 506
line220:424 169 511 170
line221:160 538 204 539
line222:320 331 321 218
line223:186 454 299 455
line224:67 692 122 691
line225:163 451 259 453
line226:128 586 294 577
line227:320 55 343 55
line228:539 698 583 698
line229:161 318 239 318
line230:249 170 271 169
line231:575 735 576 689
line232:129 679 167 677
line233:100 639 100 559
line234:145 175 326 172
line235:400 693 463 693
line236:217 419 253 419
line237:147 677 147 584
line238:46 17 48 63
line239:147 391 205 390
line240:200 313 327 308
line241:458 702 511 702
line242:64 727 129 730
line243:161 672 254 677
line244:257 388 322 388
line245:137 590 137 505
line246:505 614 505 584
line247:239 308 302 308
line248:161 410 214 410
line249:596 16 598 61
line250:109 190 109 129
line251:216 422 254 420
line252:249 399 321 399
line253:577 731 578 688
line254:239 620 302 621
line255:431 678 459 677
line256:160 316 238 316
line257:145 172 247 172
line258:131 623 193 621
line259:207 480 303 483
line260:495 734 550 734
line261:41 49 79 48
line262:347 678 424 676
line263:69 683 70 735
line264:258 506 303 506
line265:250 394 321 394
line266:208 266 279 266
line267:276 701 311 701
line268:64 732 111 728
line269:553 557 553 307
line270:168 49 196 49
line271:208 679 298 673
line272:161 525 207 525
line273:64 729 111 730
line274:64 72 86 72
line275:129 590 199 591
line276:294 509 302 417
line277:271 170 346 171
line278:551 612 552 686
line279:161 415 215 415
line280:72 676 102 676
line281:163 443 223 443
line282:160 312 200 312
line283:595 62 597 16
line284:456 700 511 700
line285:224 309 303 312
line286:250 678 301 679
line287:64 733 105 733
line288:208 290 231 290
line289:281 417 303 417
line290:125 675 153 675
line291:160 498 231 498
line292:509 254 509 168
line293:242 583 295 581
line294:592 62 594 16
line295:256 282 324 282
line296:130 587 199 589
line297:105 135 125 135
line298:248 613 303 613
line299:505 422 505 376
line300:251 592 303 592
line301:544 310 544 272
line302:128 584 252 578
line303:161 448 205 448
line304:210 55 238 55
line305:456 703 510 703
line306:42 17 44 53
line307:553 683 574 683
line308:521 130 559 130
line309:599 63 600 16
line310:554 311 554 281
line311:321 414 321 369
line312:72 673 112 673
line313:256 623 303 623
line314:130 599 198 599
line315:326 168 327 241
line316:422 52 478 52
line317:41 24 42 47
line318:457 699 500 699
line319:248 610 299 610
line320:161 542 164 384
line321:161 413 215 413
line322:121 505 198 505
line323:144 679 164 678
line324:131 618 167 618
line325:301 315 302 253
line326:264 428 302 427
line327:203 621 238 620
line328:568 50 597 50
line329:321 209 323 168
line330:201 674 250 672
line331:195 735 278 735
line332:139 540 199 541
line333:217 447 301 452
line334:111 232 111 263
line335:297 252 298 315
line336:557 310 557 281
line337:597 62 598 18
line338:133 586 199 586
line339:100 55 127 55
line340:576 59 596 59
line341:139 589 139 529
line342:520 131 557 131
line343:163 503 230 503
line344:223 675 279 673
line345:320 50 421 52
line346:147 388 175 388
line347:296 542 296 419
line348:161 480 202 481
line349:46 53 46 32
line350:257 599 301 598
line351:334 170 390 171
line352:130 611 158 611
line353:296 619 297 585
line354:457 696 479 696
line355:552 735 580 735
line356:273 304 327 304
line357:224 486 302 486
line358:64 680 65 735
line359:158 623 159 578
line360:166 542 166 384
line361:401 689 441 690
line362:325 170 325 198
line363:511 254 511 168
line364:65 680 65 701
line365:300 619 300 599
