line0:162 296 162 463
line1:49 129 49 831
line2:320 260 320 831
line3:112 257 112 830
line4:162 497 162 831
line5:56 185 56 359
line6:250 56 250 183
line7:304 297 304 463
line8:344 225 344 831
line9:305 496 305 831
line10:208 496 208 831
line11:241 496 241 830
line12:137 296 137 463
line13:8 82 119 82
line14:88 258 407 258
line15:305 183 444 183
line16:24 806 444 806
line17:48 313 407 313
line18:25 137 159 137
line19:336 83 444 83
line20:56 179 183 179
line21:94 26 366 26
line22:64 348 335 348
line23:416 111 444 111
line24:22 73 22 159
line25:136 461 334 461
line26:328 49 328 70
line27:161 499 332 499
line28:126 63 126 40
line29:160 763 215 763
line30:240 758 373 758
line31:8 95 30 95
line32:233 75 233 55
line33:114 765 135 765
line34:142 67 142 150
line35:415 82 415 142
line36:34 794 34 819
