line0:127 686 127 88
line1:548 679 548 80
line2:550 679 550 80
line3:123 686 123 90
line4:562 671 562 80
line5:321 678 321 161
line6:360 678 360 129
line7:142 686 142 419
line8:563 671 563 81
line9:124 686 124 88
line10:541 396 541 452
line11:560 671 560 80
line12:372 633 372 678
line13:537 678 537 176
line14:325 678 325 161
line15:546 679 546 80
line16:543 678 543 176
line17:171 686 171 192
line18:137 686 137 353
line19:51 670 51 16
line20:564 671 564 81
line21:58 208 63 529
line22:53 670 53 16
line23:125 686 125 88
line24:364 678 364 128
line25:488 161 492 382
line26:371 519 371 162
line27:362 678 362 129
line28:369 607 369 161
line29:143 686 143 353
line30:323 678 323 160
line31:177 686 177 216
line32:55 511 55 17
line33:363 678 363 128
line34:544 679 544 80
line35:320 678 320 264
line36:365 678 365 129
line37:210 687 210 240
line38:326 678 326 264
line39:56 710 56 648
line40:176 271 176 217
line41:374 607 374 352
line42:494 678 494 162
line43:539 678 539 177
line44:173 686 173 192
line45:175 526 175 193
line46:140 686 140 352
line47:184 87 561 87
line48:52 382 52 17
line49:182 686 182 218
line50:169 686 169 194
line51:184 85 469 85
line52:49 670 49 378
line53:120 96 455 96
line54:495 383 495 160
line55:57 573 57 336
line56:180 446 180 265
line57:57 16 61 215
line58:553 648 654 643
line59:488 376 493 678
line60:212 687 212 240
line61:368 517 368 352
line62:214 687 214 241
line63:179 686 179 329
line64:373 518 373 160
line65:48 670 48 506
line66:174 686 174 452
line67:208 687 208 392
line68:168 686 168 449
line69:490 676 549 674
line70:209 439 209 241
line71:375 358 375 160
line72:145 193 145 229
line73:479 668 519 666
line74:139 224 146 359
line75:70 577 71 686
line76:178 445 178 264
line77:148 668 176 667
line78:265 659 447 653
line79:184 82 566 82
line80:128 663 205 667
line81:545 664 655 661
line82:121 101 455 101
line83:60 522 63 296
line84:436 664 519 665
line85:24 673 167 673
line86:256 678 549 678
line87:215 438 215 240
line88:121 98 455 98
line89:248 661 322 663
line90:370 672 518 670
line91:488 417 492 673
line92:141 225 143 277
line93:541 395 541 80
line94:57 688 116 684
line95:24 677 438 677
line96:97 650 447 650
line97:449 638 566 640
line98:553 670 583 671
line99:54 670 54 504
line100:136 635 566 635
line101:139 633 542 633
line102:183 447 183 264
line103:554 652 654 652
line104:50 647 207 655
line105:145 669 254 669
line106:474 676 476 617
line107:298 654 445 651
line108:146 687 206 686
line109:111 671 343 675
line110:65 686 65 568
line111:62 522 63 409
line112:170 367 170 328
line113:296 659 399 657
line114:576 679 639 679
line115:266 660 399 660
line116:200 167 278 167
line117:24 661 101 662
line118:121 93 190 93
line119:202 166 324 166
line120:58 16 61 116
line121:488 521 491 673
line122:366 166 491 168
line123:265 656 344 656
line124:488 268 490 383
line125:139 88 144 230
line126:202 687 285 687
line127:552 659 654 657
line128:449 90 542 90
line129:528 661 584 661
line130:366 255 366 128
line131:147 439 147 393
line132:372 221 372 160
line133:552 669 580 669
line134:578 678 639 677
line135:24 675 170 675
line136:56 495 56 369
line137:538 230 538 80
line138:67 686 67 568
line139:200 160 327 160
line140:64 686 64 568
line141:384 666 431 666
line142:147 320 148 358
line143:386 162 493 162
line144:200 684 262 679
line145:170 634 407 634
line146:200 164 326 164
line147:27 655 302 655
line148:25 650 132 652
line149:578 673 639 674
line150:384 668 574 668
line151:263 676 489 676
line152:370 165 489 165
line153:633 706 687 706
line154:633 704 687 704
line155:176 683 176 329
line156:448 95 543 95
line157:137 259 137 226
line158:553 651 653 644
line159:139 198 139 95
line160:449 86 567 86
line161:86 687 185 681
line162:149 88 190 88
line163:493 637 493 520
line164:24 669 147 667
line165:146 323 147 359
line166:204 682 287 684
line167:361 391 361 368
line168:265 662 327 661
line169:150 357 150 322
line170:24 648 139 648
line171:590 674 639 675
line172:488 264 492 503
line173:249 623 327 623
line174:136 638 231 639
line175:632 709 687 709
line176:377 618 495 618
line177:62 575 63 530
line178:449 84 567 84
line179:25 679 172 679
line180:157 686 232 679
line181:80 666 211 664
line182:241 680 286 680
line183:552 653 653 653
line184:367 254 367 128
line185:542 141 542 80
line186:449 80 566 80
line187:27 666 86 664
line188:306 659 399 659
line189:297 649 322 649
line190:167 263 167 193
line191:170 637 170 608
line192:634 694 634 642
line193:376 619 437 620
line194:400 632 567 632
line195:327 270 327 162
line196:181 447 181 328
line197:553 654 655 654
line198:206 247 206 168
line199:545 642 652 642
line200:289 618 324 618
line201:172 683 172 613
line202:136 686 136 632
line203:536 142 537 88
line204:402 623 488 622
line205:136 175 137 88
line206:24 649 141 649
line207:25 670 63 670
line208:59 681 287 681
line209:120 644 141 644
line210:242 685 286 685
line211:140 258 145 357
line212:458 673 462 616
line213:440 656 559 656
line214:175 616 209 616
line215:520 674 545 674
line216:138 686 138 632
line217:200 247 200 168
line218:59 494 59 300
line219:146 192 147 231
line220:26 657 72 658
line221:508 637 567 636
line222:59 62 61 184
line223:376 623 431 621
line224:170 674 230 674
line225:296 662 399 662
line226:201 245 201 162
line227:121 183 121 128
line228:576 675 622 676
line229:138 110 138 88
line230:616 666 638 667
line231:486 671 545 672
line232:226 672 369 672
line233:248 663 287 663
line234:149 392 151 439
line235:250 621 327 621
line236:56 182 56 17
line237:637 640 639 710
line238:205 245 205 162
line239:181 653 237 653
line240:142 352 142 372
line241:99 672 206 671
line242:377 649 447 648
line243:427 637 483 637
line244:370 223 370 160
line245:57 682 122 686
line246:203 247 203 161
line247:489 260 492 160
line248:552 663 575 664
line249:585 661 653 660
line250:213 567 213 545
line251:164 261 166 192
line252:495 673 542 673
line253:170 270 170 193
line254:232 639 471 639
line255:361 658 397 658
line256:385 670 483 673
line257:377 616 495 616
line258:137 197 138 145
line259:329 655 391 653
line260:632 705 633 640
line261:244 675 286 673
line262:361 255 361 128
line263:202 666 255 666
line264:375 607 375 561
line265:148 438 148 392
line266:161 262 161 194
line267:172 499 172 448
line268:374 161 437 160
line269:211 439 211 396
line270:62 144 63 215
line271:58 494 58 408
line272:142 268 143 225
line273:636 708 637 644
line274:248 658 285 658
line275:386 667 573 667
line276:141 122 141 88
line277:151 231 151 194
line278:372 607 372 514
line279:59 22 60 61
line280:577 677 639 673
line281:202 162 278 163
line282:440 660 478 658
line283:136 327 137 264
line284:477 93 539 94
line285:561 648 654 647
line286:370 653 412 655
line287:25 693 26 652
line288:135 88 136 111
line289:60 16 61 39
line290:140 327 140 282
line291:24 656 70 656
line292:57 106 62 342
line293:552 649 655 651
line294:126 182 126 129
line295:59 710 61 651
line296:540 143 540 88
line297:488 573 495 460
line298:163 259 165 193
line299:491 282 493 161
line300:59 683 99 686
line301:24 652 141 654
line302:211 566 211 545
line303:536 137 536 89
line304:76 665 97 665
line305:374 167 437 166
line306:142 224 143 258
line307:144 439 144 393
line308:429 622 495 623
line309:438 620 495 619
line310:149 439 149 416
line311:29 651 30 694
line312:408 161 439 161
line313:496 81 519 81
line314:547 645 655 645
line315:599 651 654 648
line316:368 164 423 164
line317:358 655 383 656
line318:148 230 148 193
