line0:37 766 37 169
line1:363 775 363 168
line2:196 734 196 400
line3:361 775 361 170
line4:82 630 85 448
line5:34 775 34 168
line6:32 647 32 168
line7:317 775 317 218
line8:16 79 391 79
line9:367 109 367 56
line10:313 766 313 219
line11:33 181 366 181
line12:319 607 319 304
line13:16 75 390 75
line14:365 775 365 169
line15:36 645 36 170
line16:189 734 193 513
line17:35 647 35 168
line18:16 56 398 56
line19:315 74 315 10
line20:194 735 194 400
line21:367 767 367 169
line22:200 107 382 111
line23:120 711 148 711
line24:219 705 310 706
line25:185 733 185 401
line26:18 74 391 74
line27:282 12 327 13
line28:24 731 381 731
line29:56 96 351 96
line30:168 122 409 101
line31:17 73 391 73
line32:18 57 39 57
line33:279 682 409 680
line34:32 711 163 705
line35:282 9 409 9
line36:16 61 399 61
line37:1 700 406 700
line38:33 178 366 178
line39:2 694 327 694
line40:280 14 409 14
line41:1 697 406 697
line42:1 692 327 692
line43:17 58 165 58
line44:26 735 206 735
line45:145 98 309 98
line46:97 103 245 101
line47:57 115 255 105
line48:0 702 407 702
line49:58 113 238 104
line50:90 59 350 59
line51:0 12 175 15
line52:1 689 327 689
line53:24 729 382 729
line54:273 99 350 99
line55:87 730 87 336
line56:56 116 383 110
line57:81 527 81 240
line58:318 710 318 600
line59:272 102 351 101
line60:216 542 216 400
line61:33 176 366 176
line62:0 703 257 707
line63:315 710 315 217
line64:0 730 206 730
line65:288 105 382 109
line66:56 119 229 116
line67:137 734 383 734
line68:80 364 318 368
line69:96 97 214 97
line70:377 63 399 63
line71:188 711 188 400
line72:305 683 407 683
line73:298 708 407 708
line74:84 358 318 358
line75:88 221 231 224
line76:86 710 86 593
line77:360 685 407 685
line78:198 732 198 514
line79:88 57 351 57
line80:280 8 326 8
line81:266 711 406 709
line82:83 360 318 360
line83:19 12 175 12
line84:81 680 104 680
line85:278 685 409 687
line86:57 109 94 109
line87:237 114 302 117
line88:195 711 250 711
line89:280 10 399 12
line90:192 119 302 118
line91:304 693 407 693
line92:57 107 224 104
line93:225 218 318 216
line94:80 494 80 448
line95:168 227 230 225
line96:2 682 192 686
line97:18 62 39 62
line98:360 728 409 728
line99:219 706 219 400
line100:312 415 312 344
line101:82 493 87 242
line102:80 710 82 594
line103:225 223 318 226
line104:360 733 409 733
line105:169 229 231 229
line106:112 356 295 356
line107:0 681 142 683
line108:80 363 295 366
line109:88 63 351 63
line110:1 9 86 8
line111:80 362 129 362
line112:0 695 103 695
line113:128 104 215 102
line114:32 680 63 680
line115:224 222 319 224
line116:133 114 239 109
line117:88 218 159 219
line118:80 401 318 401
line119:38 709 38 640
line120:89 223 120 223
line121:167 111 214 109
line122:112 352 295 352
line123:156 217 198 219
line124:57 120 303 116
line125:224 220 318 220
line126:113 357 295 357
line127:88 216 198 216
line128:216 684 264 685
line129:82 402 318 402
line130:0 706 95 709
line131:33 175 95 174
line132:220 501 220 400
line133:136 17 165 17
line134:262 119 409 96
line135:0 688 103 688
line136:305 690 407 690
line137:272 100 301 101
line138:276 705 360 704
line139:131 101 205 102
line140:83 407 318 407
line141:309 60 349 60
line142:226 221 318 221
line143:98 50 173 2
line144:88 62 183 0
line145:56 108 87 108
line146:218 680 319 680
line147:85 403 318 403
line148:81 9 183 7
line149:281 15 403 103
line150:376 62 397 62
line151:88 229 191 220
line152:258 707 308 707
line153:1 708 111 711
line154:81 115 203 109
line155:223 639 223 529
line156:175 119 312 103
line157:93 224 134 224
line158:0 13 38 15
line159:242 219 280 216
line160:218 502 218 400
line161:220 650 223 441
line162:33 775 33 640
line163:256 231 318 231
line164:82 405 318 405
line165:33 170 94 170
line166:190 641 190 404
line167:94 734 94 672
line168:257 228 312 225
line169:0 691 102 691
line170:193 354 233 354
line171:281 16 333 55
line172:56 97 186 106
line173:258 230 319 227
line174:366 211 366 168
line175:83 708 85 573
line176:84 353 142 353
line177:217 543 217 440
line178:312 310 312 217
line179:258 225 319 223
line180:240 732 271 732
line181:276 119 345 102
line182:131 106 181 108
line183:17 77 49 77
line184:83 404 193 404
line185:33 173 94 173
line186:286 10 323 10
line187:57 117 90 119
line188:88 48 126 46
line189:352 80 389 80
line190:241 399 287 399
line191:191 584 191 400
line192:5 682 158 680
line193:170 119 191 119
line194:384 94 409 95
line195:82 365 207 367
line196:85 288 85 240
line197:202 113 306 100
line198:89 62 181 2
line199:345 95 406 96
line200:360 687 391 687
line201:91 706 190 707
line202:92 221 194 220
line203:304 681 335 681
line204:91 247 91 219
line205:80 400 197 400
line206:316 710 316 640
line207:168 362 295 364
line208:380 710 407 710
line209:352 87 390 87
line210:279 119 303 119
line211:88 60 114 60
line212:85 683 143 681
line213:352 85 390 83
line214:315 763 366 759
line215:192 527 192 406
line216:58 122 94 123
line217:165 119 311 102
line218:84 355 143 355
line219:57 123 94 124
line220:92 62 167 62
line221:384 91 409 91
line222:373 691 406 692
line223:192 359 295 359
line224:385 89 409 89
line225:95 55 180 0
line226:56 98 143 118
line227:166 238 194 217
line228:221 406 318 406
line229:256 227 306 226
line230:329 113 350 113
line231:80 366 135 367
line232:0 701 23 701
line233:83 546 84 448
line234:264 222 318 222
line235:56 110 129 118
line236:297 37 318 37
line237:89 229 143 230
line238:17 78 55 78
line239:210 117 241 115
line240:387 90 407 90
line241:312 767 366 764
line242:88 710 88 672
line243:80 343 80 241
line244:382 101 409 98
line245:121 408 198 408
line246:353 82 389 82
line247:57 118 94 121
line248:0 696 22 696
line249:0 698 23 698
line250:82 247 86 337
line251:0 728 31 728
line252:60 98 189 100
line253:56 125 94 125
line254:42 14 75 14
line255:228 118 351 103
line256:169 363 252 364
line257:32 686 101 686
line258:272 361 295 361
line259:136 237 182 231
line260:108 109 178 106
line261:142 682 192 683
line262:129 101 135 175
line263:330 117 406 100
line264:354 86 391 86
line265:90 707 132 707
line266:18 72 55 72
line267:39 326 39 296
line268:96 116 135 120
line269:240 394 287 394
line270:56 121 94 122
line271:385 93 409 93
line272:314 760 366 765
line273:122 410 182 410
line274:163 711 191 711
line275:273 183 283 97
line276:315 764 366 766
line277:294 12 328 12
line278:354 81 391 81
line279:88 52 174 2
line280:160 99 213 99
line281:137 233 166 232
line282:312 759 366 761
line283:32 737 32 767
line284:120 413 199 413
line285:377 100 397 101
line286:314 710 314 640
line287:241 733 269 733
line288:190 117 270 111
line289:296 35 327 42
line290:97 42 142 36
line291:220 687 221 594
line292:165 680 192 681
line293:84 595 86 449
line294:137 732 207 732
line295:93 246 93 225
line296:16 76 54 76
line297:296 709 379 709
line298:257 229 295 227
line299:386 88 409 88
line300:92 220 159 221
line301:241 396 286 398
line302:286 183 287 137
line303:3 687 102 687
line304:369 58 398 69
line305:35 685 63 685
line306:170 226 198 224
line307:0 699 22 699
line308:280 97 284 182
line309:360 775 360 689
line310:139 233 175 236
line311:278 183 284 97
line312:92 55 151 18
line313:374 58 399 69
line314:256 219 319 219
line315:82 361 135 361
line316:122 11 174 11
line317:294 97 350 98
line318:281 13 330 62
line319:33 182 70 174
line320:362 215 362 172
line321:66 117 95 117
line322:274 182 277 97
line323:197 411 199 486
line324:344 706 406 703
line325:272 144 273 168
line326:168 225 199 221
line327:120 415 199 415
line328:97 43 127 41
line329:318 310 318 218
line330:137 18 167 23
line331:56 127 94 126
line332:90 98 93 172
line333:217 681 253 682
line334:224 60 279 60
line335:280 23 319 36
line336:0 709 36 710
line337:312 45 334 49
line338:358 85 391 85
line339:56 106 99 112
line340:120 10 171 10
line341:270 101 276 183
line342:206 117 258 111
line343:295 104 347 103
line344:203 362 295 362
line345:95 710 95 677
line346:90 175 90 127
line347:364 107 364 58
line348:92 175 95 98
line349:137 238 173 236
line350:280 111 281 182
line351:285 15 327 15
line352:326 767 356 767
line353:249 119 273 117
line354:319 763 364 762
line355:314 736 316 775
line356:88 227 135 229
line357:285 11 331 62
