line0:96 65 96 796
line1:23 48 23 796
line2:448 56 448 796
line3:353 65 353 796
line4:256 344 256 775
line5:210 360 210 775
line6:128 68 128 319
line7:216 64 216 126
line8:153 360 153 551
line9:112 67 367 67
line10:64 11 399 11
line11:96 86 390 86
line12:0 771 363 771
line13:384 780 488 780
line14:360 146 488 146
line15:242 81 242 127
line16:97 116 367 116
line17:130 315 386 315
line18:360 213 488 213
line19:0 219 130 219
line20:360 738 487 738
line21:0 490 127 490
line22:0 147 135 147
line23:0 738 119 738
line24:392 487 488 487
line25:377 427 488 427
line26:256 354 375 354
line27:0 427 119 427
line28:262 80 262 125
line29:0 204 95 204
line30:146 80 146 125
line31:160 360 227 360
line32:346 80 346 125
line33:448 504 487 504
