line0:210 720 287 721
line1:9 148 528 148
line2:80 214 734 214
line3:208 772 575 772
line4:136 713 607 713
line5:81 246 652 246
line6:136 723 615 723
line7:42 136 463 136
line8:105 774 575 774
line9:136 726 613 726
line10:200 714 605 714
line11:9 149 343 149
line12:577 150 695 150
line13:81 208 735 208
line14:120 161 695 161
line15:137 719 607 719
line16:161 528 239 528
line17:10 144 695 144
line18:168 331 222 331
line19:679 582 679 400
line20:256 162 631 162
line21:248 244 652 244
line22:137 727 502 734
line23:74 533 78 289
line24:160 288 486 288
line25:158 139 463 139
line26:137 715 607 715
line27:104 769 575 769
line28:488 160 631 160
line29:678 615 678 296
line30:121 167 454 167
line31:313 210 659 210
line32:272 151 295 151
line33:94 622 94 242
line34:312 215 735 215
line35:81 212 732 212
line36:89 623 89 240
line37:40 129 494 129
line38:40 137 462 137
line39:353 166 694 166
line40:81 134 495 134
line41:645 782 647 728
line42:401 642 582 642
line43:137 731 417 735
line44:40 163 93 163
line45:9 146 54 146
line46:41 143 462 143
line47:161 540 359 540
line48:401 646 582 646
line49:657 597 657 304
line50:636 582 636 211
line51:296 831 582 836
line52:639 583 639 209
line53:42 141 377 141
line54:168 824 583 824
line55:625 481 676 481
line56:41 131 493 131
line57:168 830 261 831
line58:169 333 511 333
line59:160 303 199 302
line60:401 632 446 629
line61:224 730 406 733
line62:661 598 661 304
line63:118 621 118 213
line64:672 369 674 507
line65:656 599 656 305
line66:48 728 111 730
line67:656 164 693 164
line68:168 645 315 647
line69:80 213 315 213
line70:296 829 583 829
line71:304 832 442 839
line72:632 407 632 209
line73:642 631 642 464
line74:651 629 651 209
line75:161 294 487 294
line76:595 604 595 241
line77:91 533 91 241
line78:385 825 583 825
line79:168 702 356 699
line80:386 827 583 827
line81:168 826 389 826
line82:652 495 652 211
line83:662 599 662 304
line84:352 165 455 165
line85:434 151 693 147
line86:9 145 54 145
line87:448 130 535 130
line88:659 599 659 304
line89:640 741 711 742
line90:599 407 599 240
line91:125 629 125 241
line92:465 624 519 630
line93:123 630 123 240
line94:168 640 263 640
line95:88 138 182 138
line96:634 581 634 209
line97:112 319 112 216
line98:513 149 548 149
line99:113 623 113 219
line100:555 494 559 289
line101:401 644 582 644
line102:73 562 79 634
line103:105 384 108 585
line104:650 439 650 209
line105:115 622 115 377
line106:88 535 88 241
line107:209 727 407 731
line108:104 622 104 386
line109:127 630 127 369
line110:313 290 567 290
line111:168 643 358 646
line112:574 579 577 351
line113:40 724 111 724
line114:72 639 72 561
line115:676 163 676 136
line116:40 631 78 632
line117:635 510 635 480
line118:464 833 583 835
line119:168 823 263 823
line120:553 721 553 608
line121:232 703 358 701
line122:640 471 640 376
line123:596 607 596 321
line124:582 376 590 606
line125:312 295 566 295
line126:536 828 583 828
line127:115 241 430 241
line128:569 630 569 457
line129:126 375 126 243
line130:638 631 638 358
line131:649 781 649 729
line132:361 734 395 734
line133:653 631 653 384
line134:163 629 163 392
line135:586 561 587 607
line136:633 631 633 352
line137:697 211 699 318
line138:160 292 486 292
line139:700 213 701 319
line140:497 142 693 142
line141:114 411 114 312
line142:696 318 696 209
line143:572 631 572 456
line144:473 722 543 722
line145:641 631 641 379
line146:182 735 182 290
line147:120 164 182 164
line148:81 132 167 132
line149:630 782 630 754
line150:163 783 164 712
line151:448 135 534 135
line152:105 768 174 768
line153:536 328 679 328
line154:40 128 41 166
line155:48 626 50 687
line156:451 773 503 773
line157:138 725 174 725
line158:124 631 124 416
line159:648 782 648 728
line160:702 741 702 648
line161:655 630 655 385
line162:176 487 176 290
line163:571 838 571 807
line164:46 201 46 245
line165:168 696 358 696
line166:181 583 181 289
line167:675 439 675 369
line168:401 651 431 651
line169:52 734 52 626
line170:89 160 263 160
line171:121 163 695 163
line172:336 146 534 146
line173:528 718 607 718
line174:691 240 692 263
line175:290 335 679 335
line176:161 629 161 392
line177:80 239 81 200
line178:672 480 674 582
line179:697 741 697 648
line180:74 560 81 623
line181:707 741 707 648
line182:676 373 676 296
line183:393 487 599 487
line184:48 735 111 735
line185:637 631 637 608
line186:708 743 708 650
line187:559 721 559 528
line188:559 175 560 136
line189:643 783 643 730
line190:165 629 165 392
line191:625 621 679 619
line192:116 415 116 313
line193:119 783 119 762
line194:288 721 614 721
line195:168 329 223 329
line196:481 293 567 293
line197:72 440 76 511
line198:44 303 44 201
line199:401 624 583 624
line200:304 837 382 837
line201:552 376 554 495
line202:635 406 635 209
line203:401 626 582 626
line204:571 779 654 779
line205:72 533 72 489
line206:177 734 177 481
line207:193 734 193 456
line208:597 606 597 441
line209:121 463 121 240
line210:54 175 54 128
line211:563 175 564 137
line212:473 727 542 727
line213:120 375 120 243
line214:628 631 628 608
line215:698 740 699 677
line216:576 136 576 165
line217:649 351 649 281
line218:53 626 55 693
line219:401 641 459 640
line220:424 240 648 240
line221:168 831 215 832
line222:248 481 357 481
line223:583 401 588 547
line224:677 436 677 400
line225:391 329 400 495
line226:73 429 73 288
line227:92 622 92 529
line228:169 735 169 601
line229:81 128 165 128
line230:194 734 194 457
line231:581 400 588 601
line232:631 782 631 752
line233:39 200 40 258
line234:649 570 650 630
line235:448 133 533 133
line236:615 383 615 241
line237:701 211 703 318
line238:706 740 706 648
line239:180 735 180 561
line240:703 743 705 649
line241:625 405 625 369
line242:569 784 590 784
line243:336 151 431 150
line244:393 482 599 482
line245:644 631 644 465
line246:667 654 667 570
line247:196 359 196 322
line248:353 655 353 520
line249:579 463 579 297
line250:75 290 76 342
line251:611 164 611 137
line252:119 623 119 537
line253:646 631 646 377
line254:354 654 354 520
line255:248 483 358 483
line256:680 741 710 741
line257:555 492 555 376
line258:9 209 43 209
line259:198 397 198 289
line260:178 582 178 323
line261:530 717 607 717
line262:645 775 645 728
line263:42 251 42 303
line264:192 398 192 289
line265:672 423 674 341
line266:626 371 627 406
line267:359 486 359 328
line268:609 383 609 241
line269:79 431 79 336
line270:358 487 358 329
line271:168 819 262 817
line272:304 839 478 839
line273:196 542 359 542
line274:553 528 556 710
line275:168 734 168 600
line276:611 382 611 241
line277:105 771 215 771
line278:623 136 623 165
line279:427 245 549 245
line280:174 734 174 600
line281:88 140 183 140
line282:112 783 172 783
line283:557 378 561 484
line284:654 351 654 282
line285:169 328 509 328
line286:473 720 541 720
line287:193 243 255 243
line288:637 407 637 217
line289:104 775 172 777
line290:640 732 703 730
line291:196 489 253 489
line292:356 655 356 520
line293:170 399 170 290
line294:401 151 433 151
line295:354 164 631 164
line296:121 626 207 629
line297:529 171 567 170
line298:304 530 359 530
line299:593 607 593 442
line300:394 494 599 494
line301:305 642 358 644
line302:198 538 311 538
line303:346 716 415 716
line304:311 832 416 835
line305:449 770 499 770
line306:48 732 111 734
line307:630 511 630 440
line308:664 654 679 628
line309:166 311 166 289
line310:624 511 626 442
line311:172 396 172 290
line312:594 167 594 136
line313:640 729 703 727
line314:136 732 191 733
line315:629 165 629 136
line316:49 684 50 733
line317:40 259 41 302
line318:688 158 735 158
line319:88 165 262 165
line320:394 329 398 406
line321:482 625 519 625
line322:465 838 534 838
line323:402 433 406 495
line324:171 646 258 647
line325:42 727 111 731
line326:160 629 160 545
line327:196 534 359 537
line328:113 782 172 782
line329:672 296 674 374
line330:403 524 414 734
line331:625 211 734 211
line332:674 655 679 609
line333:201 517 203 601
line334:49 730 111 733
line335:401 527 479 527
line336:370 832 463 833
line337:192 541 263 541
line338:672 537 672 584
line339:90 623 90 528
line340:552 623 552 528
line341:569 780 615 780
line342:392 381 394 439
line343:63 183 64 130
line344:353 453 355 330
line345:514 147 660 147
line346:628 407 628 370
line347:400 522 411 734
line348:401 629 450 629
line349:167 550 167 497
line350:195 398 195 290
line351:170 821 263 821
line352:40 166 94 167
line353:555 716 558 528
line354:734 155 735 213
line355:496 491 598 493
line356:392 536 599 543
line357:196 526 359 528
line358:179 735 179 561
line359:607 149 695 148
line360:288 331 597 331
line361:592 605 592 403
line362:573 835 596 777
line363:95 623 95 528
line364:631 510 631 441
line365:288 329 597 329
line366:681 740 711 740
line367:106 623 106 472
line368:648 439 648 213
line369:313 640 358 639
line370:640 737 711 737
line371:112 781 172 781
line372:305 533 359 533
line373:569 801 586 776
line374:169 330 295 330
line375:647 631 647 464
line376:170 828 311 828
line377:48 175 49 130
line378:104 721 113 779
line379:638 136 694 139
line380:580 839 591 814
line381:166 779 166 712
line382:565 837 594 777
line383:585 419 589 534
line384:513 145 694 145
line385:641 734 698 733
line386:669 739 710 738
line387:223 641 279 642
line388:171 697 262 697
line389:556 839 589 781
line390:665 635 677 611
line391:199 734 199 456
line392:579 785 580 837
line393:402 521 413 734
line394:396 330 398 377
line395:392 543 557 543
line396:8 147 13 215
line397:171 335 171 289
line398:544 247 622 247
line399:643 631 643 525
line400:78 342 79 288
line401:104 764 134 764
line402:173 761 174 829
line403:598 607 598 440
line404:529 712 606 712
line405:571 771 572 839
line406:545 175 565 174
line407:9 150 374 150
line408:107 384 108 481
line409:542 136 543 175
line410:729 213 730 152
line411:589 517 590 417
line412:345 722 383 722
line413:674 523 678 655
line414:574 838 575 776
line415:8 170 16 215
line416:501 640 535 641
line417:665 653 666 570
line418:408 522 416 734
line419:671 165 671 136
line420:401 703 401 520
line421:630 608 630 631
line422:12 147 15 185
line423:640 730 698 728
line424:618 136 685 141
line425:629 407 629 368
line426:594 607 594 402
line427:75 637 77 528
line428:575 716 576 625
line429:689 152 735 152
line430:196 734 196 456
line431:664 608 677 573
line432:505 530 599 531
line433:198 521 311 525
line434:393 488 423 488
line435:105 763 161 759
line436:544 242 623 242
line437:679 654 679 616
line438:574 488 575 544
line439:111 772 111 721
line440:377 138 407 138
line441:551 619 552 706
line442:385 831 582 831
line443:555 616 556 528
line444:458 735 503 733
line445:150 215 150 162
line446:170 600 172 735
line447:202 645 232 645
line448:368 731 500 729
line449:418 735 502 731
line450:221 830 310 830
line451:105 767 135 767
line452:732 213 732 154
line453:120 627 176 631
line454:166 503 166 432
line455:690 296 691 319
line456:552 429 554 289
line457:567 838 569 771
line458:105 766 135 765
line459:528 716 606 716
line460:688 319 688 298
line461:237 522 311 522
line462:671 570 672 653
line463:640 742 711 743
line464:628 165 628 137
line465:300 698 359 697
line466:203 524 205 644
line467:684 319 685 296
line468:122 631 122 545
line469:112 592 112 622
line470:663 598 664 570
line471:582 839 582 786
line472:175 629 175 602
line473:406 521 415 655
line474:402 653 430 653
line475:697 319 704 217
line476:695 650 696 720
line477:42 250 43 202
line478:624 782 624 753
line479:628 782 628 752
line480:117 623 117 538
line481:626 407 626 380
line482:593 269 616 243
line483:54 733 54 687
line484:49 679 51 626
line485:569 136 735 159
line486:358 520 359 614
line487:614 263 614 243
line488:137 737 172 778
line489:641 736 696 734
line490:576 345 578 463
line491:392 530 447 529
line492:70 726 110 727
line493:345 725 383 725
line494:207 644 207 488
line495:21 147 127 243
line496:356 384 356 330
line497:449 522 470 541
line498:82 721 110 723
line499:8 208 47 207
line500:109 773 109 720
line501:284 487 340 487
line502:117 777 149 777
line503:45 301 46 256
line504:668 655 668 570
line505:75 539 77 368
line506:296 699 357 698
line507:105 770 175 770
line508:573 628 575 587
line509:689 263 689 242
line510:405 432 409 493
line511:112 779 172 780
line512:695 263 695 241
line513:72 435 72 488
line514:332 729 355 688
line515:75 591 76 512
line516:529 169 564 169
line517:628 484 628 510
line518:597 136 674 141
line519:395 382 402 495
line520:735 153 735 194
line521:151 168 151 209
line522:145 162 146 215
line523:554 528 556 606
line524:54 635 55 656
line525:337 605 337 536
line526:581 668 582 627
line527:216 641 261 643
line528:404 525 479 525
line529:674 511 676 579
line530:628 440 628 483
line531:625 765 655 767
line532:136 730 171 776
line533:342 702 342 640
line534:451 629 512 630
line535:224 731 351 733
line536:72 317 72 289
line537:162 779 162 712
line538:197 734 197 536
line539:640 739 696 738
line540:392 409 396 495
line541:694 167 694 138
line542:569 822 591 822
line543:184 818 223 817
line544:397 528 410 717
line545:107 471 107 425
line546:190 461 190 392
line547:576 296 577 341
line548:9 152 17 215
line549:484 647 540 647
line550:577 668 577 628
line551:609 747 652 747
line552:136 733 176 735
line553:553 839 598 777
line554:198 495 253 494
line555:198 533 239 533
line556:119 414 119 312
line557:561 838 583 838
line558:201 516 201 490
line559:185 461 185 392
line560:120 631 157 631
line561:74 421 75 324
line562:541 333 653 209
line563:610 744 652 744
line564:411 522 432 542
line565:596 245 597 350
line566:702 209 703 263
line567:570 778 655 776
line568:191 462 191 392
line569:193 369 193 395
line570:58 130 59 183
line571:121 624 203 626
line572:698 319 699 248
line573:625 760 654 762
line574:307 835 387 835
line575:47 164 47 128
line576:55 175 56 130
line577:275 728 502 728
line578:728 154 731 209
line579:49 733 70 733
line580:584 607 584 505
line581:562 292 563 334
line582:198 492 255 490
line583:78 639 79 548
line584:393 491 502 493
line585:128 775 174 775
line586:175 399 175 291
line587:590 136 680 143
line588:675 655 709 652
line589:406 647 462 647
line590:313 641 358 652
line591:155 712 156 779
line592:618 755 652 756
line593:338 536 344 607
line594:188 463 188 392
line595:339 607 344 521
line596:137 730 167 766
line597:481 630 583 628
line598:694 263 694 240
line599:699 216 726 216
line600:395 489 559 489
line601:592 285 593 243
line602:148 751 148 716
line603:51 132 52 174
line604:616 757 652 758
line605:669 570 671 654
line606:8 163 11 214
line607:555 839 589 777
line608:565 136 729 159
line609:86 247 86 204
line610:584 720 615 720
line611:161 293 319 293
line612:625 769 654 771
line613:630 136 695 141
line614:648 468 649 530
line615:653 136 695 138
line616:624 407 624 368
line617:146 200 146 162
line618:658 167 692 165
line619:195 701 261 699
line620:562 440 563 485
line621:676 531 676 475
line622:10 151 18 215
line623:192 537 243 537
line624:204 488 205 595
line625:393 493 394 433
line626:389 130 390 151
line627:675 608 676 653
line628:626 209 698 209
line629:407 526 409 563
line630:473 724 543 724
line631:112 447 112 486
line632:395 544 557 536
line633:584 783 654 781
line634:49 174 49 151
line635:591 535 591 480
line636:167 394 167 427
line637:110 423 110 384
line638:643 409 643 377
line639:593 325 594 241
line640:409 522 416 650
line641:160 503 160 432
line642:679 298 679 354
line643:627 771 654 773
line644:335 700 358 700
line645:625 756 652 757
line646:170 820 223 820
line647:576 839 587 808
line648:150 733 311 735
line649:608 749 652 749
line650:74 616 203 632
line651:352 486 354 415
line652:673 478 676 421
line653:556 338 631 218
line654:356 442 356 486
line655:157 712 158 779
line656:275 702 319 698
line657:590 498 590 535
line658:402 701 402 564
line659:620 758 652 759
line660:568 783 615 781
line661:108 622 108 586
line662:491 151 693 151
line663:442 732 503 730
line664:673 463 676 407
line665:550 839 580 787
line666:669 651 709 651
line667:50 147 51 175
line668:239 702 272 700
line669:77 308 77 288
line670:670 649 711 649
line671:168 816 220 816
line672:114 257 115 317
line673:117 778 171 778
line674:259 641 352 645
line675:73 535 112 535
line676:664 647 673 627
line677:393 350 405 495
line678:556 426 560 486
line679:460 835 484 835
line680:556 365 558 288
line681:586 443 587 418
line682:432 150 474 150
line683:345 727 383 727
line684:147 211 148 162
line685:81 210 106 209
line686:404 649 431 650
line687:138 717 165 716
line688:452 128 495 128
line689:561 302 583 302
line690:617 753 652 754
line691:198 734 198 458
line692:669 655 669 581
line693:699 221 726 221
line694:32 289 70 289
line695:414 670 414 522
line696:393 529 393 550
line697:625 768 654 770
line698:206 591 206 488
line699:548 288 550 327
line700:8 212 45 210
line701:379 130 403 130
line702:42 135 166 135
line703:554 703 574 703
line704:527 136 613 143
line705:627 608 704 666
line706:200 523 284 525
line707:544 643 574 672
line708:81 247 82 201
line709:519 627 574 680
line710:599 578 599 522
line711:74 639 74 566
line712:580 136 692 149
line713:336 607 336 538
line714:35 295 62 295
line715:545 310 582 312
line716:558 839 593 777
line717:664 652 664 593
line718:334 735 359 688
line719:535 330 623 250
line720:474 529 551 528
line721:117 510 117 457
line722:616 759 653 760
line723:115 218 116 269
line724:8 206 16 147
line725:544 630 581 630
line726:622 748 652 748
line727:153 714 207 712
line728:49 729 81 730
line729:357 631 359 521
line730:35 151 93 215
line731:42 637 73 638
line732:356 414 356 386
line733:566 486 566 441
line734:200 698 312 701
line735:342 585 343 606
line736:627 630 627 610
line737:613 751 652 751
line738:333 703 358 615
line739:412 536 446 536
line740:626 165 626 137
line741:654 436 654 386
line742:107 623 107 529
line743:33 147 71 181
line744:625 767 654 768
line745:394 528 394 551
line746:353 386 353 330
line747:677 510 677 480
line748:636 782 636 762
line749:639 631 640 544
line750:404 703 407 660
line751:573 839 573 768
line752:610 745 644 745
line753:530 174 567 173
line754:377 142 406 142
line755:560 296 580 296
line756:536 332 623 254
line757:561 443 561 463
line758:392 495 392 424
